Individual Pos MC-PVal PA-Pval NA-PVal BA-PVal MCBN-PVal
0 1000 0.0000 0.4502 0.0000 0.0000 0.0000
0 1001 0.0000 0.0004 0.0000 0.0000 0.0000
0 1002 0.0000 0.3759 0.0000 0.0000 0.0000
0 1003 0.0000 0.0000 0.0000 0.0000 0.0000
0 1004 0.0000 0.3515 0.0000 0.0000 0.0000
0 1005 0.0000 0.4231 0.0000 0.0001 0.0000
0 1006 0.0000 0.4284 0.0000 0.0002 0.0000
0 1007 0.0000 0.4407 0.0000 0.0026 0.0001
0 1008 0.0000 0.3809 0.0000 0.0000 0.0000
0 1009 0.0610 0.4875 0.0323 0.1283 0.0362
0 1010 0.0000 0.0000 0.0000 0.0000 0.0000
0 1011 0.0000 0.4269 0.0000 0.0000 0.0000
0 1012 0.0010 0.4740 0.0001 0.0041 0.0006
0 1013 0.0000 0.3825 0.0000 0.0000 0.0000
0 1014 0.0000 0.3991 0.0000 0.0000 0.0000
0 1015 0.0000 0.4573 0.0000 0.0000 0.0000
0 1016 0.0000 0.1295 0.0000 0.0000 0.0000
0 1017 0.0000 0.4066 0.0000 0.0000 0.0000
0 1018 0.0000 0.2678 0.0000 0.0000 0.0000
0 1019 0.0020 0.4475 0.0006 0.0025 0.0007
0 1020 0.0000 0.3992 0.0000 0.0000 0.0000
0 1021 0.1670 0.4853 0.1308 0.1634 0.0537
0 1022 0.0000 0.0000 0.0000 0.0000 0.0000
0 1023 0.0000 0.3883 0.0000 0.0000 0.0000
0 1024 0.0000 0.4331 0.0002 0.0010 0.0000
0 1025 0.0000 0.1237 0.0000 0.0000 0.0000
0 1026 0.4930 0.5013 0.4652 0.4982 0.0974
0 1027 0.0000 0.3491 0.0000 0.0000 0.0000
0 1028 0.0000 0.4313 0.0000 0.0000 0.0000
0 1029 0.0000 0.4122 0.0000 0.0000 0.0000
0 1030 0.0000 0.4351 0.0000 0.0000 0.0000
0 1031 0.0000 0.3815 0.0000 0.0000 0.0000
0 1032 0.0000 0.3431 0.0000 0.0000 0.0000
0 1033 0.0000 0.4037 0.0000 0.0000 0.0000
0 1034 0.0000 0.3916 0.0000 0.0000 0.0000
0 1035 0.0930 0.4778 0.0682 0.0936 0.0306
0 1036 0.0000 0.3810 0.0000 0.0000 0.0000
0 1037 0.0000 0.0000 0.0000 0.0000 0.0000
0 1038 0.0000 0.0000 0.0000 0.0000 0.0000
0 1039 0.0100 0.4624 0.0070 0.0155 0.0071
0 1040 0.0000 0.4332 0.0000 0.0002 0.0003
0 1041 0.0000 0.4301 0.0000 0.0001 0.0000
0 1042 0.0000 0.3232 0.0000 0.0000 0.0000
0 1043 0.0000 0.4191 0.0000 0.0000 0.0000
0 1044 0.0010 0.4422 0.0000 0.0003 0.0000
0 1045 0.3250 0.4926 0.2959 0.3261 0.0723
0 1046 0.0000 0.4136 0.0000 0.0000 0.0000
0 1047 0.0000 0.2890 0.0000 0.0000 0.0000
0 1048 0.0740 0.4730 0.0516 0.0721 0.0263
0 1049 0.0000 0.2340 0.0000 0.0000 0.0000
0 1050 0.0470 0.4682 0.0390 0.0558 0.0182
0 1051 0.3780 0.4963 0.3364 0.3727 0.0958
0 1052 0.0100 0.4497 0.0060 0.0118 0.0047
0 1053 0.0000 0.4165 0.0000 0.0002 0.0000
0 1054 0.1930 0.4871 0.1777 0.2092 0.0633
0 1054 0.2000 0.4871 0.1777 0.2092 0.0623
0 1055 0.0000 0.4149 0.0000 0.0000 0.0000
0 1056 0.0000 0.3202 0.0000 0.0000 0.0000
0 1057 0.0000 0.2263 0.0000 0.0000 0.0000
0 1058 0.0000 0.4098 0.0002 0.0007 0.0001
0 1059 0.0000 0.0188 0.0000 0.0000 0.0000
0 1060 0.0000 0.0000 0.0000 0.0000 0.0000
0 1061 0.0000 0.0000 0.0000 0.0000 0.0000
0 1062 0.0000 0.0000 0.0000 0.0000 0.0000
0 1063 0.0000 0.0000 0.0000 0.0000 0.0000
0 1064 0.0000 0.0000 0.0000 0.0000 0.0000
0 1065 0.0000 0.0000 0.0000 0.0000 0.0000
0 1066 0.0000 0.0000 0.0000 0.0000 0.0000
0 1067 0.0000 0.0000 0.0000 0.0000 0.0000
0 1068 0.0000 0.0000 0.0000 0.0000 0.0000
0 1069 0.0000 0.0000 0.0000 0.0000 0.0000
0 1070 0.0000 0.0000 0.0000 0.0000 0.0000
0 1071 0.0000 0.0000 0.0000 0.0000 0.0000
0 1072 0.0000 0.0000 0.0000 0.0000 0.0000
0 1073 0.0000 0.0000 0.0000 0.0000 0.0000
0 1074 0.0000 0.0000 0.0000 0.0000 0.0000
0 1075 0.0000 0.0000 0.0000 0.0000 0.0000
0 1076 0.0000 0.0000 0.0000 0.0000 0.0000
0 1077 0.0000 0.0000 0.0000 0.0000 0.0000
0 1078 0.0000 0.0000 0.0000 0.0000 0.0000
0 1079 0.0000 0.0000 0.0000 0.0000 0.0000
0 1080 0.0000 0.0000 0.0000 0.0000 0.0000
0 1081 0.0000 0.0000 0.0000 0.0000 0.0000
0 1082 0.0000 0.0000 0.0000 0.0000 0.0000
0 1083 0.0000 0.0000 0.0000 0.0000 0.0000
0 1084 0.0000 0.0000 0.0000 0.0000 0.0000
0 1085 0.0000 0.0000 0.0000 0.0000 0.0000
0 1086 0.0000 0.0000 0.0000 0.0000 0.0000
0 1087 0.0000 0.0000 0.0000 0.0000 0.0000
0 1088 0.0000 0.0000 0.0000 0.0000 0.0000
0 1089 0.0000 0.0000 0.0000 0.0000 0.0000
0 1090 0.0000 0.0000 0.0000 0.0000 0.0000
0 1091 0.0000 0.0000 0.0000 0.0000 0.0000
0 1092 0.0000 0.0000 0.0000 0.0000 0.0000
0 1093 0.0000 0.0000 0.0000 0.0000 0.0000
0 1094 0.0000 0.0000 0.0000 0.0000 0.0000
0 1095 0.0000 0.0000 0.0000 0.0000 0.0000
0 1096 0.0000 0.0000 0.0000 0.0000 0.0000
0 1097 0.0000 0.0000 0.0000 0.0000 0.0000
0 1098 0.0000 0.0000 0.0000 0.0000 0.0000
0 1099 0.0000 0.0000 0.0000 0.0000 0.0000
0 1100 0.0000 0.0000 0.0000 0.0000 0.0000
0 1101 0.0000 0.0000 0.0000 0.0000 0.0000
0 1102 0.0000 0.0000 0.0000 0.0000 0.0000
0 1103 0.0000 0.0000 0.0000 0.0000 0.0000
0 1104 0.0000 0.0000 0.0000 0.0000 0.0000
0 1105 0.0000 0.0000 0.0000 0.0000 0.0000
0 1106 0.0000 0.0000 0.0000 0.0000 0.0000
0 1107 0.0000 0.0000 0.0000 0.0000 0.0000
0 1108 0.0000 0.0000 0.0000 0.0000 0.0000
0 1109 0.0000 0.0000 0.0000 0.0000 0.0000
0 1110 0.0000 0.0000 0.0000 0.0000 0.0000
0 1111 0.0000 0.0000 0.0000 0.0000 0.0000
0 1112 0.0000 0.0000 0.0000 0.0000 0.0000
0 1113 0.0000 0.0000 0.0000 0.0000 0.0000
0 1114 0.0000 0.0000 0.0000 0.0000 0.0000
0 1115 0.0000 0.0000 0.0000 0.0000 0.0000
0 1116 0.0000 0.0000 0.0000 0.0000 0.0000
0 1117 0.0000 0.0000 0.0000 0.0000 0.0000
0 1118 0.0000 0.0000 0.0000 0.0000 0.0000
0 1119 0.0000 0.0000 0.0000 0.0000 0.0000
0 1120 0.0000 0.0000 0.0000 0.0000 0.0000
0 1121 0.0000 0.0000 0.0000 0.0000 0.0000
0 1122 0.0000 0.0000 0.0000 0.0000 0.0000
0 1123 0.0000 0.0000 0.0000 0.0000 0.0000
0 1124 0.0000 0.0000 0.0000 0.0000 0.0000
0 1125 0.0000 0.0000 0.0000 0.0000 0.0000
0 1126 0.0000 0.0000 0.0000 0.0000 0.0000
0 1127 0.0000 0.0000 0.0000 0.0000 0.0000
0 1128 0.0000 0.0000 0.0000 0.0000 0.0000
0 1129 0.0000 0.0000 0.0000 0.0000 0.0000
0 1130 0.0000 0.0000 0.0000 0.0000 0.0000
0 1131 0.0000 0.0000 0.0000 0.0000 0.0000
0 1132 0.0000 0.0000 0.0000 0.0000 0.0000
0 1133 0.0000 0.0000 0.0000 0.0000 0.0000
0 1134 0.0000 0.0000 0.0000 0.0000 0.0000
0 1135 0.0000 0.0000 0.0000 0.0000 0.0000
0 1136 0.0000 0.0000 0.0000 0.0000 0.0000
0 1137 0.0000 0.0000 0.0000 0.0000 0.0000
0 1138 0.0000 0.0000 0.0000 0.0000 0.0000
0 1139 0.0000 0.0000 0.0000 0.0000 0.0000
0 1140 0.0000 0.0000 0.0000 0.0000 0.0000
0 1141 0.0000 0.0000 0.0000 0.0000 0.0000
0 1142 0.0000 0.0000 0.0000 0.0000 0.0000
0 1143 0.0000 0.0000 0.0000 0.0000 0.0000
0 1144 0.0000 0.0000 0.0000 0.0000 0.0000
0 1145 0.0000 0.0000 0.0000 0.0000 0.0000
0 1146 0.0000 0.0000 0.0000 0.0000 0.0000
0 1147 0.0000 0.0000 0.0000 0.0000 0.0000
0 1148 0.0000 0.0000 0.0000 0.0000 0.0000
0 1149 0.0000 0.0000 0.0000 0.0000 0.0000
0 1150 0.0000 0.0000 0.0000 0.0000 0.0000
0 1151 0.0000 0.0000 0.0000 0.0000 0.0000
0 1152 0.0000 0.0000 0.0000 0.0000 0.0000
0 1153 0.0000 0.0000 0.0000 0.0000 0.0000
0 1154 0.0000 0.0000 0.0000 0.0000 0.0000
0 1155 0.0000 0.0000 0.0000 0.0000 0.0000
0 1156 0.0000 0.0000 0.0000 0.0000 0.0000
0 1157 0.0000 0.0000 0.0000 0.0000 0.0000
0 1158 0.0000 0.0000 0.0000 0.0000 0.0000
0 1159 0.0000 0.0000 0.0000 0.0000 0.0000
0 1160 0.0000 0.0000 0.0000 0.0000 0.0000
0 1161 0.0000 0.0000 0.0000 0.0000 0.0000
0 1162 0.0000 0.0000 0.0000 0.0000 0.0000
0 1163 0.0000 0.0000 0.0000 0.0000 0.0000
0 1164 0.0000 0.0000 0.0000 0.0000 0.0000
0 1165 0.0000 0.0000 0.0000 0.0000 0.0000
0 1166 0.0000 0.0000 0.0000 0.0000 0.0000
0 1167 0.0000 0.0000 0.0000 0.0000 0.0000
0 1168 0.0000 0.0000 0.0000 0.0000 0.0000
0 1169 0.0000 0.0000 0.0000 0.0000 0.0000
0 1170 0.0000 0.0000 0.0000 0.0000 0.0000
0 1171 0.0000 0.0000 0.0000 0.0000 0.0000
0 1172 0.0000 0.0000 0.0000 0.0000 0.0000
0 1173 0.0000 0.0000 0.0000 0.0000 0.0000
0 1174 0.0000 0.0000 0.0000 0.0000 0.0000
0 1175 0.0000 0.0000 0.0000 0.0000 0.0000
0 1176 0.0000 0.0000 0.0000 0.0000 0.0000
0 1177 0.0000 0.0000 0.0000 0.0000 0.0000
0 1178 0.0000 0.0000 0.0000 0.0000 0.0000
0 1179 0.0000 0.0000 0.0000 0.0000 0.0000
0 1180 0.0000 0.0000 0.0000 0.0000 0.0000
0 1181 0.0000 0.0000 0.0000 0.0000 0.0000
0 1182 0.0000 0.0000 0.0000 0.0000 0.0000
0 1183 0.0000 0.0000 0.0000 0.0000 0.0000
0 1184 0.0000 0.0000 0.0000 0.0000 0.0000
0 1185 0.0000 0.0000 0.0000 0.0000 0.0000
0 1186 0.0000 0.0000 0.0000 0.0000 0.0000
0 1187 0.0000 0.0000 0.0000 0.0000 0.0000
0 1188 0.0000 0.0000 0.0000 0.0000 0.0000
0 1189 0.0000 0.0000 0.0000 0.0000 0.0000
0 1190 0.0000 0.0000 0.0000 0.0000 0.0000
0 1191 0.0000 0.0000 0.0000 0.0000 0.0000
0 1192 0.0000 0.0000 0.0000 0.0000 0.0000
0 1193 0.0000 0.0000 0.0000 0.0000 0.0000
0 764 0.0050 0.4503 0.0000 0.0042 0.0034
0 765 0.0240 0.4713 0.0078 0.0187 0.0087
0 766 0.4930 0.5015 0.4602 0.5029 0.1264
0 767 0.0020 0.4606 0.0004 0.0025 0.0011
0 768 0.9060 0.5172 0.8670 0.9060 0.0782
0 769 0.0370 0.4741 0.0251 0.0429 0.0189
0 770 0.0030 0.4696 0.0016 0.0069 0.0041
0 771 0.0090 0.4720 0.0023 0.0091 0.0053
0 772 0.0190 0.4729 0.0057 0.0162 0.0086
0 773 0.0000 0.4477 0.0000 0.0001 0.0000
0 774 0.1460 0.4871 0.1091 0.1455 0.0530
0 775 0.0140 0.4702 0.0103 0.0222 0.0099
0 776 0.0720 0.4825 0.0355 0.0626 0.0281
0 777 0.7360 0.5107 0.6998 0.7364 0.1029
0 778 0.3350 0.4958 0.3172 0.3554 0.0989
0 779 0.0320 0.4732 0.0126 0.0269 0.0135
0 780 0.0000 0.4382 0.0000 0.0000 0.0000
0 781 0.0000 0.4435 0.0000 0.0000 0.0000
0 782 0.0860 0.4843 0.0658 0.0980 0.0417
0 783 0.0000 0.3612 0.0000 0.0000 0.0000
0 784 0.0020 0.4625 0.0001 0.0011 0.0009
0 785 0.0000 0.3277 0.0000 0.0000 0.0000
0 786 0.1250 0.4853 0.0908 0.1252 0.0452
0 787 0.0000 0.4357 0.0000 0.0001 0.0000
0 788 0.0000 0.4186 0.0000 0.0000 0.0000
0 789 0.0000 0.4228 0.0000 0.0000 0.0000
0 790 0.0000 0.2092 0.0000 0.0000 0.0000
0 791 0.0210 0.4669 0.0075 0.0173 0.0078
0 792 0.0000 0.3927 0.0000 0.0000 0.0000
0 793 0.0000 0.3670 0.0000 0.0000 0.0000
0 794 0.0000 0.4363 0.0000 0.0000 0.0000
0 795 0.0000 0.4268 0.0000 0.0000 0.0000
0 796 0.0120 0.4707 0.0024 0.0093 0.0039
0 797 0.0150 0.4685 0.0065 0.0162 0.0056
0 798 0.0110 0.4667 0.0053 0.0137 0.0084
0 799 0.0030 0.4551 0.0010 0.0038 0.0016
0 800 0.0000 0.3858 0.0000 0.0000 0.0000
0 801 0.0000 0.3671 0.0000 0.0000 0.0000
0 802 0.0000 0.3825 0.0000 0.0000 0.0000
0 803 0.0000 0.4301 0.0000 0.0000 0.0000
0 804 0.0000 0.3956 0.0000 0.0000 0.0000
0 805 0.0000 0.4045 0.0000 0.0000 0.0000
0 806 0.0030 0.4673 0.0002 0.0020 0.0010
0 807 0.0000 0.3943 0.0000 0.0000 0.0000
0 808 0.0000 0.3914 0.0000 0.0000 0.0000
0 809 0.4410 0.4996 0.3489 0.4271 0.1823
0 810 0.0070 0.4460 0.0020 0.0088 0.0020
0 811 0.9900 0.5383 0.9824 0.9797 0.0109
0 812 0.0160 0.4817 0.0044 0.0321 0.0086
0 813 0.3300 0.4876 0.3041 0.3405 0.0492
0 814 0.0000 0.4546 0.0000 0.0000 0.0000
0 815 0.0000 0.4386 0.0000 0.0000 0.0000
0 816 0.0000 0.4482 0.0003 0.0085 0.0006
0 817 0.0240 0.4802 0.0134 0.0748 0.0133
0 818 0.0000 0.4530 0.0000 0.0006 0.0000
0 819 0.0000 0.4208 0.0000 0.0000 0.0000
0 820 0.0000 0.3850 0.0000 0.0000 0.0000
0 821 0.4750 0.5005 0.3879 0.4644 0.1986
0 822 0.2500 0.4857 0.2216 0.2810 0.0555
0 823 0.3500 0.4929 0.3317 0.3788 0.0684
0 824 0.9810 0.5280 0.9712 0.9559 0.0212
0 825 0.0010 0.4630 0.0005 0.0101 0.0007
0 826 0.6460 0.5064 0.6013 0.6176 0.1159
0 827 0.0450 0.4800 0.0265 0.0888 0.0235
0 828 0.0000 0.4576 0.0000 0.0023 0.0003
0 829 0.9900 0.5333 0.9760 0.9685 0.0151
0 830 0.0000 0.4693 0.0000 0.0011 0.0000
0 831 0.0000 0.4283 0.0000 0.0021 0.0000
0 832 0.0000 0.4604 0.0000 0.0015 0.0000
0 833 0.1030 0.4873 0.0597 0.1717 0.0511
0 834 0.0000 0.4512 0.0000 0.0034 0.0000
0 835 0.9940 0.5428 0.9853 0.9657 0.0082
0 836 0.1790 0.4905 0.1386 0.2162 0.0765
0 837 0.0000 0.4255 0.0000 0.0000 0.0000
0 838 0.0000 0.4287 0.0000 0.0001 0.0000
0 839 0.0000 0.0000 0.0000 0.0000 0.0000
0 840 0.0000 0.4463 0.0000 0.0000 0.0000
0 841 0.0060 0.4593 0.0024 0.0183 0.0022
0 842 0.1000 0.4885 0.0683 0.1480 0.0577
0 843 0.0010 0.4584 0.0009 0.0107 0.0012
0 844 0.0030 0.4831 0.0006 0.0212 0.0041
0 845 0.0230 0.4845 0.0129 0.0773 0.0191
0 846 0.0030 0.4788 0.0013 0.0287 0.0037
0 847 0.0020 0.4714 0.0007 0.0232 0.0013
0 848 0.0000 0.4480 0.0000 0.0022 0.0000
0 849 0.0000 0.3595 0.0000 0.0000 0.0000
0 850 0.0070 0.4455 0.0035 0.0153 0.0034
0 851 0.0000 0.4701 0.0000 0.0006 0.0001
0 852 0.0000 0.4329 0.0000 0.0006 0.0003
0 853 0.0000 0.4635 0.0000 0.0000 0.0000
0 854 0.0000 0.0000 0.0000 0.0000 0.0000
0 855 0.0040 0.4585 0.0020 0.0163 0.0022
0 856 0.0000 0.4535 0.0000 0.0000 0.0000
0 857 0.8490 0.5206 0.8118 0.7760 0.0607
0 858 0.7360 0.5057 0.6427 0.6569 0.2072
0 859 0.0030 0.4452 0.0014 0.0126 0.0014
0 860 0.0070 0.4818 0.0034 0.0442 0.0072
0 861 0.0020 0.4400 0.0004 0.0053 0.0005
0 862 0.0000 0.4639 0.0000 0.0010 0.0000
0 863 0.8810 0.5194 0.8258 0.8097 0.0622
0 864 0.0000 0.4041 0.0000 0.0000 0.0000
0 865 0.2540 0.4950 0.2056 0.3028 0.1222
0 866 0.0000 0.0000 0.0000 0.0000 0.0000
0 867 0.0000 0.4495 0.0000 0.0030 0.0000
0 868 0.0510 0.4695 0.0332 0.1086 0.0168
0 869 0.0460 0.4764 0.0397 0.1162 0.0232
0 870 0.0000 0.4403 0.0000 0.0001 0.0000
0 871 0.0000 0.3881 0.0000 0.0000 0.0000
0 872 0.8050 0.5118 0.7653 0.7501 0.1121
0 873 0.0000 0.4056 0.0000 0.0000 0.0000
0 874 0.2700 0.4903 0.2587 0.3159 0.0675
0 875 0.0000 0.4504 0.0000 0.0000 0.0000
0 876 0.0000 0.4489 0.0000 0.0000 0.0000
0 877 0.0000 0.4156 0.0000 0.0000 0.0000
0 878 0.0000 0.0000 0.0000 0.0000 0.0000
0 879 0.0000 0.4698 0.0000 0.0001 0.0000
0 880 0.0010 0.4746 0.0002 0.0132 0.0005
0 881 0.0000 0.0000 0.0000 0.0000 0.0000
0 882 0.0000 0.4733 0.0000 0.0029 0.0000
0 883 0.0000 0.4549 0.0001 0.0057 0.0001
0 884 0.0000 0.4774 0.0001 0.0137 0.0006
0 885 0.3300 0.4946 0.3026 0.3775 0.0914
0 886 0.1780 0.4917 0.1462 0.2452 0.0901
0 887 0.0000 0.3113 0.0000 0.0000 0.0000
0 888 0.0070 0.4776 0.0020 0.0281 0.0039
0 889 0.0000 0.3870 0.0000 0.0000 0.0000
0 890 0.0300 0.4903 0.0090 0.0566 0.0252
0 891 0.0000 0.2907 0.0000 0.0000 0.0000
0 892 0.0000 0.4559 0.0000 0.0014 0.0000
0 893 0.6110 0.5037 0.5292 0.5574 0.1385
0 894 0.0000 0.4233 0.0000 0.0000 0.0000
0 895 0.0000 0.4253 0.0000 0.0000 0.0000
0 896 0.0000 0.4530 0.0000 0.0001 0.0000
0 897 0.0000 0.4301 0.0000 0.0000 0.0000
0 898 0.0020 0.4818 0.0002 0.0127 0.0014
0 899 0.0360 0.4785 0.0204 0.0870 0.0184
0 900 0.0000 0.4700 0.0000 0.0000 0.0000
0 901 0.0000 0.4497 0.0000 0.0000 0.0000
0 902 0.0000 0.0000 0.0000 0.0000 0.0000
0 903 0.0000 0.4637 0.0000 0.0017 0.0001
0 904 0.0000 0.4486 0.0002 0.0061 0.0003
0 905 0.0000 0.4289 0.0000 0.0000 0.0000
0 906 0.0000 0.4420 0.0000 0.0000 0.0000
0 907 0.0000 0.3926 0.0000 0.0000 0.0000
0 908 0.0000 0.4065 0.0000 0.0000 0.0000
0 909 0.0000 0.3155 0.0000 0.0000 0.0000
0 910 0.0000 0.4556 0.0000 0.0000 0.0000
0 911 0.0000 0.4042 0.0000 0.0000 0.0000
0 912 0.0000 0.4329 0.0000 0.0000 0.0000
0 913 0.0000 0.4389 0.0000 0.0000 0.0000
0 914 0.0070 0.4760 0.0036 0.0446 0.0050
0 915 0.0000 0.4596 0.0000 0.0000 0.0000
0 916 0.0000 0.4524 0.0000 0.0000 0.0000
0 917 0.0000 0.4184 0.0000 0.0000 0.0000
0 918 0.0000 0.4566 0.0000 0.0000 0.0000
0 919 0.0000 0.4490 0.0000 0.0009 0.0000
0 920 0.0000 0.4617 0.0000 0.0014 0.0000
0 921 0.0010 0.4594 0.0000 0.0047 0.0001
0 922 0.0090 0.4782 0.0038 0.0477 0.0050
0 923 0.0000 0.4518 0.0000 0.0006 0.0000
0 924 0.0000 0.4101 0.0000 0.0000 0.0000
0 925 0.0000 0.2088 0.0000 0.0000 0.0000
0 926 0.0000 0.4053 0.0000 0.0000 0.0000
0 927 0.0000 0.4022 0.0000 0.0000 0.0000
0 928 0.0000 0.4454 0.0000 0.0000 0.0000
0 929 0.0000 0.4718 0.0000 0.0005 0.0000
0 930 0.0000 0.3322 0.0000 0.0000 0.0000
0 931 0.0000 0.4556 0.0000 0.0001 0.0000
0 932 0.0000 0.4246 0.0000 0.0000 0.0000
0 933 0.0000 0.4673 0.0000 0.0034 0.0000
0 934 0.0000 0.4433 0.0000 0.0001 0.0000
0 935 0.0390 0.4722 0.0257 0.0959 0.0184
0 936 0.0000 0.4430 0.0000 0.0000 0.0000
0 937 0.0000 0.4489 0.0000 0.0000 0.0000
0 938 0.0000 0.4461 0.0000 0.0000 0.0000
0 939 0.0000 0.4688 0.0000 0.0000 0.0000
0 940 0.0000 0.3793 0.0000 0.0000 0.0000
0 941 0.0000 0.4015 0.0000 0.0000 0.0000
0 942 0.0000 0.4737 0.0002 0.0101 0.0009
0 943 0.0000 0.4262 0.0000 0.0000 0.0000
0 944 0.0000 0.3990 0.0000 0.0000 0.0000
0 945 0.0000 0.4229 0.0000 0.0000 0.0000
0 946 0.0000 0.4523 0.0000 0.0000 0.0000
0 947 0.0020 0.4761 0.0003 0.0138 0.0010
0 948 0.0000 0.3307 0.0000 0.0000 0.0000
0 949 0.6200 0.5026 0.4863 0.5658 0.2687
0 950 0.0000 0.3931 0.0000 0.0000 0.0000
0 951 0.0000 0.0000 0.0000 0.0000 0.0000
0 952 0.0000 0.4724 0.0000 0.0041 0.0003
0 953 0.0000 0.4073 0.0000 0.0000 0.0000
0 954 0.0000 0.4249 0.0000 0.0000 0.0000
0 955 0.0000 0.4569 0.0000 0.0018 0.0000
0 956 0.0000 0.3222 0.0000 0.0000 0.0000
0 957 0.0000 0.4730 0.0000 0.0050 0.0000
0 958 0.0030 0.4715 0.0004 0.0150 0.0006
0 959 0.0000 0.4538 0.0000 0.0000 0.0000
0 960 0.0000 0.4677 0.0000 0.0012 0.0000
0 961 0.0000 0.3897 0.0000 0.0000 0.0000
0 962 0.0000 0.0000 0.0000 0.0000 0.0000
0 963 0.0000 0.4520 0.0000 0.0000 0.0000
0 964 0.0000 0.0000 0.0000 0.0000 0.0000
0 965 0.0000 0.3798 0.0000 0.0000 0.0000
0 966 0.0000 0.4453 0.0000 0.0005 0.0000
0 967 0.0000 0.4254 0.0000 0.0000 0.0000
0 968 0.0000 0.4312 0.0000 0.0000 0.0000
0 969 0.0000 0.4573 0.0000 0.0014 0.0000
0 970 0.0000 0.3972 0.0000 0.0000 0.0000
0 971 0.0000 0.4623 0.0000 0.0039 0.0001
0 972 0.0000 0.4774 0.0000 0.0037 0.0002
0 973 0.0000 0.3292 0.0000 0.0000 0.0000
0 974 0.0000 0.4610 0.0000 0.0000 0.0000
0 975 0.0000 0.3833 0.0000 0.0000 0.0000
0 976 0.0000 0.4551 0.0000 0.0000 0.0000
0 977 0.0000 0.4396 0.0000 0.0000 0.0000
0 978 0.0000 0.4434 0.0000 0.0000 0.0000
0 979 0.0000 0.0000 0.0000 0.0000 0.0000
0 980 0.0000 0.4437 0.0000 0.0003 0.0000
0 981 0.0000 0.4168 0.0000 0.0000 0.0000
0 982 0.0000 0.3565 0.0000 0.0000 0.0000
0 983 0.0000 0.4046 0.0000 0.0000 0.0000
0 984 0.0000 0.4575 0.0002 0.0051 0.0005
0 985 0.8880 0.5129 0.8401 0.8411 0.1103
0 986 0.0000 0.4299 0.0000 0.0000 0.0000
0 987 0.0000 0.4133 0.0000 0.0000 0.0000
0 988 0.0000 0.4178 0.0000 0.0000 0.0000
0 989 0.0000 0.0000 0.0000 0.0000 0.0000
0 990 0.0000 0.4178 0.0000 0.0000 0.0000
0 991 0.0020 0.4896 0.0001 0.0118 0.0040
0 992 0.0000 0.0000 0.0000 0.0000 0.0000
0 993 0.0000 0.4284 0.0000 0.0000 0.0000
0 994 0.0000 0.3783 0.0000 0.0000 0.0000
0 995 0.0010 0.4787 0.0001 0.0068 0.0010
0 996 0.0010 0.4669 0.0012 0.0305 0.0018
0 997 0.2030 0.4891 0.1371 0.2498 0.0695
0 998 0.0000 0.4054 0.0000 0.0000 0.0000
0 999 0.0000 0.4496 0.0000 0.0000 0.0000
1 1000 0.0000 0.4338 0.0000 0.0000 0.0000
1 1001 0.0000 0.0001 0.0000 0.0000 0.0000
1 1002 0.0000 0.3815 0.0000 0.0000 0.0000
1 1003 0.0000 0.0000 0.0000 0.0000 0.0000
1 1004 0.0000 0.3106 0.0000 0.0000 0.0000
1 1005 0.0000 0.4231 0.0000 0.0000 0.0000
1 1006 0.0000 0.4152 0.0000 0.0000 0.0000
1 1007 0.0000 0.4375 0.0000 0.0003 0.0000
1 1008 0.0000 0.3794 0.0000 0.0000 0.0000
1 1009 0.0080 0.4770 0.0017 0.0384 0.0025
1 1010 0.0000 0.0000 0.0000 0.0000 0.0000
1 1011 0.0000 0.4448 0.0000 0.0000 0.0000
1 1012 0.0000 0.4691 0.0000 0.0011 0.0001
1 1013 0.0000 0.3757 0.0000 0.0000 0.0000
1 1014 0.0000 0.3388 0.0000 0.0000 0.0000
1 1015 0.0000 0.4493 0.0000 0.0000 0.0000
1 1016 0.0000 0.1817 0.0000 0.0000 0.0000
1 1017 0.0000 0.3863 0.0000 0.0000 0.0000
1 1018 0.0000 0.2483 0.0000 0.0000 0.0000
1 1019 0.0000 0.4134 0.0000 0.0000 0.0000
1 1020 0.0000 0.3305 0.0000 0.0000 0.0000
1 1021 0.0160 0.4667 0.0123 0.0226 0.0085
1 1022 0.0000 0.0000 0.0000 0.0000 0.0000
1 1023 0.0000 0.3453 0.0000 0.0000 0.0000
1 1024 0.0000 0.4332 0.0002 0.0008 0.0003
1 1025 0.0000 0.0956 0.0000 0.0000 0.0000
1 1026 0.2170 0.4894 0.2228 0.2520 0.0649
1 1027 0.0000 0.3239 0.0000 0.0000 0.0000
1 1028 0.0000 0.4356 0.0000 0.0000 0.0000
1 1029 0.0000 0.3616 0.0000 0.0000 0.0000
1 1030 0.0000 0.3866 0.0000 0.0000 0.0000
1 1031 0.0000 0.3669 0.0000 0.0000 0.0000
1 1032 0.0000 0.3516 0.0000 0.0000 0.0000
1 1033 0.0000 0.4065 0.0000 0.0000 0.0000
1 1034 0.0000 0.3486 0.0000 0.0000 0.0000
1 1035 0.0030 0.4498 0.0005 0.0020 0.0009
1 1036 0.0000 0.4000 0.0000 0.0000 0.0000
1 1037 0.0000 0.0000 0.0000 0.0000 0.0000
1 1038 0.0000 0.0000 0.0000 0.0000 0.0000
1 1039 0.0010 0.4399 0.0000 0.0003 0.0000
1 1040 0.0000 0.4126 0.0000 0.0000 0.0000
1 1041 0.0000 0.4273 0.0000 0.0000 0.0000
1 1042 0.0000 0.3211 0.0000 0.0000 0.0000
1 1043 0.0000 0.3915 0.0000 0.0000 0.0000
1 1044 0.0000 0.4385 0.0000 0.0001 0.0001
1 1045 0.0020 0.4452 0.0007 0.0022 0.0007
1 1046 0.2090 0.4873 0.2053 0.2319 0.0530
1 1047 0.0000 0.1836 0.0000 0.0000 0.0000
1 1048 0.0030 0.4513 0.0010 0.0033 0.0019
1 1049 0.0000 0.3753 0.0000 0.0000 0.0000
1 1050 0.0000 0.4291 0.0000 0.0000 0.0000
1 1051 0.0000 0.4421 0.0000 0.0001 0.0000
1 1052 0.1220 0.4831 0.1153 0.1414 0.0424
1 1053 0.0000 0.3630 0.0000 0.0000 0.0000
1 1054 0.1970 0.4849 0.1686 0.1943 0.0481
1 1054 0.2150 0.4849 0.1686 0.1943 0.0465
1 1055 0.0000 0.3141 0.0000 0.0000 0.0000
1 1056 0.0000 0.4083 0.0000 0.0000 0.0000
1 1057 0.0000 0.1568 0.0000 0.0000 0.0000
1 1058 0.0000 0.3397 0.0000 0.0000 0.0000
1 1059 0.0000 0.0026 0.0000 0.0000 0.0000
1 1060 0.0000 0.0000 0.0000 0.0000 0.0000
1 1061 0.0000 0.0000 0.0000 0.0000 0.0000
1 1062 0.0000 0.0000 0.0000 0.0000 0.0000
1 1063 0.0000 0.0000 0.0000 0.0000 0.0000
1 1064 0.0000 0.0000 0.0000 0.0000 0.0000
1 1065 0.0000 0.0000 0.0000 0.0000 0.0000
1 1066 0.0000 0.0000 0.0000 0.0000 0.0000
1 1067 0.0000 0.0000 0.0000 0.0000 0.0000
1 1068 0.0000 0.0000 0.0000 0.0000 0.0000
1 1069 0.0000 0.0000 0.0000 0.0000 0.0000
1 1070 0.0000 0.0000 0.0000 0.0000 0.0000
1 1071 0.0000 0.0000 0.0000 0.0000 0.0000
1 1072 0.0000 0.0000 0.0000 0.0000 0.0000
1 1073 0.0000 0.0000 0.0000 0.0000 0.0000
1 1074 0.0000 0.0000 0.0000 0.0000 0.0000
1 1075 0.0000 0.0000 0.0000 0.0000 0.0000
1 1076 0.0000 0.0000 0.0000 0.0000 0.0000
1 1077 0.0000 0.0000 0.0000 0.0000 0.0000
1 1078 0.0000 0.0000 0.0000 0.0000 0.0000
1 1079 0.0000 0.0000 0.0000 0.0000 0.0000
1 1080 0.0000 0.0000 0.0000 0.0000 0.0000
1 1081 0.0000 0.0000 0.0000 0.0000 0.0000
1 1082 0.0000 0.0000 0.0000 0.0000 0.0000
1 1083 0.0000 0.0000 0.0000 0.0000 0.0000
1 1084 0.0000 0.0000 0.0000 0.0000 0.0000
1 1085 0.0000 0.0000 0.0000 0.0000 0.0000
1 1086 0.0000 0.0000 0.0000 0.0000 0.0000
1 1087 0.0000 0.0000 0.0000 0.0000 0.0000
1 1088 0.0000 0.0000 0.0000 0.0000 0.0000
1 1089 0.0000 0.0000 0.0000 0.0000 0.0000
1 1090 0.0000 0.0000 0.0000 0.0000 0.0000
1 1091 0.0000 0.0000 0.0000 0.0000 0.0000
1 1092 0.0000 0.0000 0.0000 0.0000 0.0000
1 1093 0.0000 0.0000 0.0000 0.0000 0.0000
1 1094 0.0000 0.0000 0.0000 0.0000 0.0000
1 1095 0.0000 0.0000 0.0000 0.0000 0.0000
1 1096 0.0000 0.0000 0.0000 0.0000 0.0000
1 1097 0.0000 0.0000 0.0000 0.0000 0.0000
1 1098 0.0000 0.0000 0.0000 0.0000 0.0000
1 1099 0.0000 0.0000 0.0000 0.0000 0.0000
1 1100 0.0000 0.0000 0.0000 0.0000 0.0000
1 1101 0.0000 0.0000 0.0000 0.0000 0.0000
1 1102 0.0000 0.0000 0.0000 0.0000 0.0000
1 1103 0.0000 0.0000 0.0000 0.0000 0.0000
1 1104 0.0000 0.0000 0.0000 0.0000 0.0000
1 1105 0.0000 0.0000 0.0000 0.0000 0.0000
1 1106 0.0000 0.0000 0.0000 0.0000 0.0000
1 1107 0.0000 0.0000 0.0000 0.0000 0.0000
1 1108 0.0000 0.0000 0.0000 0.0000 0.0000
1 1109 0.0000 0.0000 0.0000 0.0000 0.0000
1 1110 0.0000 0.0000 0.0000 0.0000 0.0000
1 1111 0.0000 0.0000 0.0000 0.0000 0.0000
1 1112 0.0000 0.0000 0.0000 0.0000 0.0000
1 1113 0.0000 0.0000 0.0000 0.0000 0.0000
1 1114 0.0000 0.0000 0.0000 0.0000 0.0000
1 1115 0.0000 0.0000 0.0000 0.0000 0.0000
1 1116 0.0000 0.0000 0.0000 0.0000 0.0000
1 1117 0.0000 0.0000 0.0000 0.0000 0.0000
1 1118 0.0000 0.0000 0.0000 0.0000 0.0000
1 1119 0.0000 0.0000 0.0000 0.0000 0.0000
1 1120 0.0000 0.0000 0.0000 0.0000 0.0000
1 1121 0.0000 0.0000 0.0000 0.0000 0.0000
1 1122 0.0000 0.0000 0.0000 0.0000 0.0000
1 1123 0.0000 0.0000 0.0000 0.0000 0.0000
1 1124 0.0000 0.0000 0.0000 0.0000 0.0000
1 1125 0.0000 0.0000 0.0000 0.0000 0.0000
1 1126 0.0000 0.0000 0.0000 0.0000 0.0000
1 1127 0.0000 0.0000 0.0000 0.0000 0.0000
1 1128 0.0000 0.0000 0.0000 0.0000 0.0000
1 1129 0.0000 0.0000 0.0000 0.0000 0.0000
1 1130 0.0000 0.0000 0.0000 0.0000 0.0000
1 1131 0.0000 0.0000 0.0000 0.0000 0.0000
1 1132 0.0000 0.0000 0.0000 0.0000 0.0000
1 1133 0.0000 0.0000 0.0000 0.0000 0.0000
1 1134 0.0000 0.0000 0.0000 0.0000 0.0000
1 1135 0.0000 0.0000 0.0000 0.0000 0.0000
1 1136 0.0000 0.0000 0.0000 0.0000 0.0000
1 1137 0.0000 0.0000 0.0000 0.0000 0.0000
1 1138 0.0000 0.0000 0.0000 0.0000 0.0000
1 1139 0.0000 0.0000 0.0000 0.0000 0.0000
1 1140 0.0000 0.0000 0.0000 0.0000 0.0000
1 1141 0.0000 0.0000 0.0000 0.0000 0.0000
1 1142 0.0000 0.0000 0.0000 0.0000 0.0000
1 1143 0.0000 0.0000 0.0000 0.0000 0.0000
1 1144 0.0000 0.0000 0.0000 0.0000 0.0000
1 1145 0.0000 0.0000 0.0000 0.0000 0.0000
1 1146 0.0000 0.0000 0.0000 0.0000 0.0000
1 1147 0.0000 0.0000 0.0000 0.0000 0.0000
1 1148 0.0000 0.0000 0.0000 0.0000 0.0000
1 1149 0.0000 0.0000 0.0000 0.0000 0.0000
1 1150 0.0000 0.0000 0.0000 0.0000 0.0000
1 1151 0.0000 0.0000 0.0000 0.0000 0.0000
1 1152 0.0000 0.0000 0.0000 0.0000 0.0000
1 1153 0.0000 0.0000 0.0000 0.0000 0.0000
1 1154 0.0000 0.0000 0.0000 0.0000 0.0000
1 1155 0.0000 0.0000 0.0000 0.0000 0.0000
1 1156 0.0000 0.0000 0.0000 0.0000 0.0000
1 1157 0.0000 0.0000 0.0000 0.0000 0.0000
1 1158 0.0000 0.0000 0.0000 0.0000 0.0000
1 1159 0.0000 0.0000 0.0000 0.0000 0.0000
1 1160 0.0000 0.0000 0.0000 0.0000 0.0000
1 1161 0.0000 0.0000 0.0000 0.0000 0.0000
1 1162 0.0000 0.0000 0.0000 0.0000 0.0000
1 1163 0.0000 0.0000 0.0000 0.0000 0.0000
1 1164 0.0000 0.0000 0.0000 0.0000 0.0000
1 1165 0.0000 0.0000 0.0000 0.0000 0.0000
1 1166 0.0000 0.0000 0.0000 0.0000 0.0000
1 1167 0.0000 0.0000 0.0000 0.0000 0.0000
1 1168 0.0000 0.0000 0.0000 0.0000 0.0000
1 1169 0.0000 0.0000 0.0000 0.0000 0.0000
1 1170 0.0000 0.0000 0.0000 0.0000 0.0000
1 1171 0.0000 0.0000 0.0000 0.0000 0.0000
1 1172 0.0000 0.0000 0.0000 0.0000 0.0000
1 1173 0.0000 0.0000 0.0000 0.0000 0.0000
1 1174 0.0000 0.0000 0.0000 0.0000 0.0000
1 1175 0.0000 0.0000 0.0000 0.0000 0.0000
1 1176 0.0000 0.0000 0.0000 0.0000 0.0000
1 1177 0.0000 0.0000 0.0000 0.0000 0.0000
1 1178 0.0000 0.0000 0.0000 0.0000 0.0000
1 1179 0.0000 0.0000 0.0000 0.0000 0.0000
1 1180 0.0000 0.0000 0.0000 0.0000 0.0000
1 1181 0.0000 0.0000 0.0000 0.0000 0.0000
1 1182 0.0000 0.0000 0.0000 0.0000 0.0000
1 1183 0.0000 0.0000 0.0000 0.0000 0.0000
1 1184 0.0000 0.0000 0.0000 0.0000 0.0000
1 1185 0.0000 0.0000 0.0000 0.0000 0.0000
1 1186 0.0000 0.0000 0.0000 0.0000 0.0000
1 1187 0.0000 0.0000 0.0000 0.0000 0.0000
1 1188 0.0000 0.0000 0.0000 0.0000 0.0000
1 1189 0.0000 0.0000 0.0000 0.0000 0.0000
1 1190 0.0000 0.0000 0.0000 0.0000 0.0000
1 1191 0.0000 0.0000 0.0000 0.0000 0.0000
1 1192 0.0000 0.0000 0.0000 0.0000 0.0000
1 1193 0.0000 0.0000 0.0000 0.0000 0.0000
1 764 0.0040 0.4236 0.0000 0.0018 0.0022
1 765 0.1010 0.4845 0.0876 0.1161 0.0375
1 766 0.5370 0.5022 0.4931 0.5302 0.1116
1 767 0.0000 0.4449 0.0000 0.0001 0.0000
1 768 0.4660 0.5009 0.4510 0.4885 0.1100
1 769 0.0850 0.4789 0.0555 0.0774 0.0269
1 770 0.1600 0.4892 0.1163 0.1531 0.0597
1 771 0.0120 0.4734 0.0025 0.0090 0.0035
1 772 0.0480 0.4797 0.0281 0.0483 0.0196
1 773 0.0970 0.4847 0.0620 0.0911 0.0380
1 774 0.2030 0.4908 0.1767 0.2132 0.0683
1 775 0.2630 0.4924 0.2307 0.2656 0.0755
1 776 0.4280 0.4990 0.3823 0.4242 0.1130
1 777 0.2970 0.4929 0.2644 0.2967 0.0747
1 778 0.0110 0.4612 0.0021 0.0061 0.0022
1 779 0.0000 0.4548 0.0001 0.0009 0.0008
1 780 0.1540 0.4909 0.1421 0.1819 0.0710
1 781 0.1300 0.4875 0.0848 0.1193 0.0500
1 782 0.0080 0.4686 0.0022 0.0073 0.0040
1 783 0.0000 0.3566 0.0000 0.0000 0.0000
1 784 0.0000 0.4421 0.0000 0.0000 0.0000
1 785 0.0000 0.2261 0.0000 0.0000 0.0000
1 786 0.1800 0.4882 0.1473 0.1806 0.0553
1 787 0.1400 0.4852 0.1259 0.1554 0.0475
1 788 0.0000 0.3715 0.0000 0.0000 0.0000
1 789 0.0000 0.3660 0.0000 0.0000 0.0000
1 790 0.0000 0.2089 0.0000 0.0000 0.0000
1 791 0.0780 0.4784 0.0557 0.0782 0.0293
1 792 0.0000 0.4150 0.0000 0.0000 0.0000
1 793 0.0000 0.3319 0.0000 0.0000 0.0000
1 794 0.0340 0.4746 0.0178 0.0329 0.0116
1 795 0.0000 0.3900 0.0000 0.0000 0.0000
1 796 0.0260 0.4764 0.0110 0.0245 0.0119
1 797 0.0000 0.4540 0.0002 0.0013 0.0008
1 798 0.0010 0.4535 0.0002 0.0012 0.0006
1 799 0.0000 0.4301 0.0000 0.0000 0.0001
1 800 0.0000 0.3519 0.0000 0.0000 0.0000
1 801 0.0000 0.3424 0.0000 0.0000 0.0000
1 802 0.0000 0.3905 0.0000 0.0000 0.0000
1 803 0.0000 0.4449 0.0000 0.0000 0.0000
1 804 0.0000 0.3412 0.0000 0.0000 0.0000
1 805 0.0000 0.3781 0.0000 0.0000 0.0000
1 806 0.0000 0.4542 0.0000 0.0000 0.0003
1 807 0.0000 0.3213 0.0000 0.0000 0.0000
1 808 0.0000 0.3622 0.0000 0.0000 0.0000
1 809 0.0000 0.4671 0.0000 0.0000 0.0000
1 810 0.8290 0.5203 0.8058 0.8041 0.0493
1 811 0.9070 0.5247 0.8984 0.8885 0.0387
1 812 0.0020 0.4665 0.0000 0.0012 0.0003
1 813 0.9980 0.5786 0.9955 0.9938 0.0006
1 814 0.0000 0.4607 0.0000 0.0000 0.0000
1 815 0.0000 0.4216 0.0000 0.0000 0.0000
1 816 0.0000 0.4117 0.0000 0.0000 0.0000
1 817 0.0000 0.4650 0.0001 0.0077 0.0003
1 818 0.0000 0.4162 0.0000 0.0000 0.0000
1 819 0.0000 0.4240 0.0000 0.0000 0.0000
1 820 0.0000 0.2537 0.0000 0.0000 0.0000
1 821 0.4050 0.4979 0.3283 0.3933 0.1282
1 822 0.0070 0.4466 0.0045 0.0212 0.0024
1 823 0.0460 0.4636 0.0462 0.0947 0.0141
1 824 0.0090 0.4675 0.0064 0.0360 0.0045
1 825 0.0000 0.4511 0.0000 0.0004 0.0000
1 826 0.9990 0.5503 0.9977 0.9944 0.0008
1 827 0.0010 0.4768 0.0007 0.0127 0.0014
1 828 0.0000 0.4311 0.0000 0.0000 0.0000
1 829 0.2840 0.4906 0.2453 0.3064 0.0671
1 830 0.0000 0.4735 0.0001 0.0120 0.0002
1 831 0.0000 0.4347 0.0000 0.0022 0.0000
1 832 0.0000 0.4512 0.0000 0.0003 0.0000
1 833 0.0000 0.4464 0.0000 0.0003 0.0000
1 834 0.0000 0.4538 0.0001 0.0086 0.0001
1 835 0.9730 0.5354 0.9626 0.9388 0.0181
1 836 0.0120 0.4749 0.0053 0.0301 0.0059
1 837 0.0000 0.4136 0.0000 0.0000 0.0000
1 838 0.0000 0.4039 0.0000 0.0000 0.0000
1 839 0.0000 0.0000 0.0000 0.0000 0.0000
1 840 0.0000 0.4260 0.0000 0.0000 0.0000
1 841 0.8990 0.5216 0.8607 0.8294 0.0468
1 842 0.0020 0.4693 0.0005 0.0109 0.0008
1 843 0.0000 0.4315 0.0000 0.0002 0.0000
1 844 0.0000 0.4656 0.0000 0.0008 0.0000
1 845 0.0000 0.4448 0.0000 0.0000 0.0000
1 846 0.0000 0.4142 0.0000 0.0000 0.0000
1 847 0.2830 0.4958 0.2169 0.3230 0.1221
1 848 0.0020 0.4633 0.0009 0.0220 0.0011
1 849 0.0000 0.4052 0.0000 0.0000 0.0000
1 850 0.2950 0.4885 0.2669 0.3134 0.0531
1 851 0.0010 0.4773 0.0000 0.0014 0.0002
1 852 0.0010 0.4441 0.0003 0.0024 0.0004
1 853 0.0000 0.4641 0.0000 0.0000 0.0000
1 854 0.0000 0.0000 0.0000 0.0000 0.0000
1 855 0.0000 0.4330 0.0000 0.0004 0.0000
1 856 0.0000 0.4737 0.0000 0.0001 0.0000
1 857 0.7670 0.5154 0.7456 0.7205 0.0620
1 858 0.0000 0.4538 0.0000 0.0001 0.0000
1 859 0.2460 0.4868 0.2155 0.2761 0.0524
1 860 0.0020 0.4813 0.0006 0.0180 0.0020
1 861 0.3040 0.4916 0.2847 0.3381 0.0637
1 862 0.0000 0.4645 0.0000 0.0015 0.0000
1 863 0.9150 0.5253 0.9013 0.8780 0.0355
1 864 0.0000 0.4327 0.0000 0.0000 0.0000
1 865 0.9330 0.5148 0.9106 0.8919 0.0670
1 866 0.0000 0.0000 0.0000 0.0000 0.0000
1 867 0.5720 0.5033 0.5306 0.5590 0.1434
1 868 0.0000 0.4034 0.0000 0.0001 0.0000
1 869 0.0590 0.4786 0.0468 0.1054 0.0272
1 870 0.0010 0.4744 0.0007 0.0190 0.0005
1 871 0.0000 0.4404 0.0000 0.0014 0.0000
1 872 0.9990 0.5359 0.9969 0.9919 0.0030
1 873 0.0000 0.3434 0.0000 0.0000 0.0000
1 874 0.0000 0.4436 0.0003 0.0041 0.0002
1 875 0.0000 0.4619 0.0000 0.0001 0.0000
1 876 0.0000 0.4582 0.0000 0.0000 0.0000
1 877 0.0000 0.3730 0.0000 0.0000 0.0000
1 878 0.0000 0.0000 0.0000 0.0000 0.0000
1 879 0.0060 0.4850 0.0015 0.0294 0.0057
1 880 0.0000 0.4446 0.0000 0.0001 0.0000
1 881 0.0000 0.0000 0.0000 0.0000 0.0000
1 882 0.0000 0.4516 0.0000 0.0000 0.0000
1 883 0.0000 0.4568 0.0002 0.0077 0.0002
1 884 0.0000 0.4592 0.0000 0.0000 0.0000
1 885 0.7790 0.5144 0.7507 0.7094 0.0679
1 886 0.0920 0.4876 0.0696 0.1614 0.0470
1 887 0.0000 0.3723 0.0000 0.0000 0.0000
1 888 0.7040 0.5063 0.6467 0.6513 0.1352
1 889 0.0000 0.3746 0.0000 0.0000 0.0000
1 890 0.0000 0.4701 0.0000 0.0018 0.0000
1 891 0.0000 0.2944 0.0000 0.0000 0.0000
1 892 0.0000 0.4503 0.0000 0.0005 0.0000
1 893 0.6930 0.5077 0.6642 0.6516 0.1087
1 894 0.0000 0.4134 0.0000 0.0000 0.0000
1 895 0.0000 0.4319 0.0000 0.0003 0.0000
1 896 0.0000 0.4659 0.0000 0.0005 0.0000
1 897 0.0000 0.4515 0.0000 0.0000 0.0000
1 898 0.0000 0.4633 0.0000 0.0022 0.0000
1 899 0.0010 0.4668 0.0008 0.0155 0.0013
1 900 0.0000 0.4704 0.0000 0.0020 0.0000
1 901 0.0000 0.4645 0.0000 0.0000 0.0000
1 902 0.0000 0.0000 0.0000 0.0000 0.0000
1 903 0.0000 0.4238 0.0000 0.0000 0.0000
1 904 0.0000 0.3497 0.0000 0.0000 0.0000
1 905 0.0000 0.4086 0.0000 0.0000 0.0000
1 906 0.0000 0.4199 0.0000 0.0000 0.0000
1 907 0.0000 0.3815 0.0000 0.0000 0.0000
1 908 0.0000 0.3934 0.0000 0.0000 0.0000
1 909 0.0000 0.3861 0.0000 0.0000 0.0000
1 910 0.0020 0.4799 0.0006 0.0165 0.0011
1 911 0.0000 0.3945 0.0000 0.0000 0.0000
1 912 0.0000 0.3997 0.0000 0.0000 0.0000
1 913 0.0000 0.4335 0.0000 0.0000 0.0000
1 914 0.0000 0.4277 0.0000 0.0000 0.0000
1 915 0.0000 0.4255 0.0000 0.0000 0.0000
1 916 0.0000 0.4591 0.0000 0.0001 0.0000
1 917 0.0000 0.4281 0.0000 0.0000 0.0000
1 918 0.0000 0.4362 0.0000 0.0000 0.0000
1 919 0.1050 0.4830 0.0674 0.1552 0.0335
1 920 0.0000 0.4411 0.0000 0.0000 0.0000
1 921 0.0000 0.4289 0.0000 0.0000 0.0000
1 922 0.0000 0.4269 0.0000 0.0000 0.0000
1 923 0.0000 0.4386 0.0000 0.0000 0.0000
1 924 0.0000 0.4523 0.0000 0.0014 0.0000
1 925 0.0000 0.2501 0.0000 0.0000 0.0000
1 926 0.0000 0.4180 0.0000 0.0000 0.0000
1 927 0.0000 0.4174 0.0000 0.0000 0.0000
1 928 0.0000 0.4369 0.0000 0.0000 0.0000
1 929 0.0000 0.4673 0.0000 0.0000 0.0000
1 930 0.0000 0.3862 0.0000 0.0000 0.0000
1 931 0.0000 0.4686 0.0000 0.0017 0.0001
1 932 0.0000 0.3935 0.0000 0.0000 0.0000
1 933 0.0000 0.4607 0.0000 0.0001 0.0000
1 934 0.0000 0.4380 0.0000 0.0000 0.0000
1 935 0.0000 0.3558 0.0000 0.0000 0.0000
1 936 0.0000 0.4712 0.0000 0.0003 0.0000
1 937 0.0220 0.4840 0.0148 0.0714 0.0177
1 938 0.0210 0.4824 0.0119 0.0604 0.0113
1 939 0.0000 0.4669 0.0000 0.0002 0.0000
1 940 0.0000 0.3876 0.0000 0.0000 0.0000
1 941 0.0000 0.3962 0.0000 0.0000 0.0000
1 942 0.0000 0.4433 0.0000 0.0000 0.0000
1 943 0.0000 0.4120 0.0000 0.0000 0.0000
1 944 0.0000 0.4182 0.0000 0.0000 0.0000
1 945 0.0000 0.4439 0.0000 0.0000 0.0000
1 946 0.0000 0.4695 0.0000 0.0014 0.0000
1 947 0.0000 0.4525 0.0000 0.0003 0.0000
1 948 0.0000 0.3318 0.0000 0.0000 0.0000
1 949 0.0410 0.4882 0.0256 0.1074 0.0297
1 950 0.0000 0.3735 0.0000 0.0000 0.0000
1 951 0.0000 0.0317 0.0000 0.0000 0.0000
1 952 0.0000 0.4618 0.0000 0.0003 0.0001
1 953 0.0000 0.4079 0.0000 0.0000 0.0000
1 954 0.0000 0.4142 0.0000 0.0000 0.0000
1 955 0.0000 0.3975 0.0000 0.0000 0.0000
1 956 0.0000 0.3152 0.0000 0.0000 0.0000
1 957 0.0010 0.4802 0.0011 0.0251 0.0023
1 958 0.0000 0.4589 0.0000 0.0053 0.0001
1 959 0.0000 0.4399 0.0000 0.0000 0.0000
1 960 0.0000 0.4562 0.0000 0.0000 0.0000
1 961 0.0000 0.3723 0.0000 0.0000 0.0000
1 962 0.0000 0.0000 0.0000 0.0000 0.0000
1 963 0.0000 0.4482 0.0000 0.0000 0.0000
1 964 0.0000 0.3312 0.0000 0.0000 0.0000
1 965 0.0000 0.3680 0.0000 0.0000 0.0000
1 966 0.0000 0.4213 0.0000 0.0000 0.0000
1 967 0.0000 0.3949 0.0000 0.0000 0.0000
1 968 0.0000 0.4351 0.0000 0.0000 0.0000
1 969 0.0000 0.4425 0.0000 0.0000 0.0000
1 970 0.0000 0.4132 0.0000 0.0000 0.0000
1 971 0.0000 0.4635 0.0000 0.0023 0.0000
1 972 0.0430 0.4885 0.0242 0.0970 0.0333
1 973 0.0000 0.2886 0.0000 0.0000 0.0000
1 974 0.0000 0.4693 0.0000 0.0006 0.0000
1 975 0.0000 0.3282 0.0000 0.0000 0.0000
1 976 0.0000 0.4741 0.0000 0.0001 0.0000
1 977 0.0000 0.3814 0.0000 0.0000 0.0000
1 978 0.0000 0.4017 0.0000 0.0000 0.0000
1 979 0.0000 0.0000 0.0000 0.0000 0.0000
1 980 0.0000 0.4445 0.0000 0.0001 0.0000
1 981 0.0000 0.3921 0.0000 0.0000 0.0000
1 982 0.0000 0.3607 0.0000 0.0000 0.0000
1 983 0.0000 0.4229 0.0000 0.0000 0.0000
1 984 0.0000 0.4364 0.0000 0.0001 0.0000
1 985 0.0000 0.4511 0.0000 0.0000 0.0000
1 986 0.0000 0.3484 0.0000 0.0000 0.0000
1 987 0.0000 0.3962 0.0000 0.0000 0.0000
1 988 0.0000 0.4157 0.0000 0.0000 0.0000
1 989 0.0000 0.0000 0.0000 0.0000 0.0000
1 990 0.0000 0.4290 0.0000 0.0000 0.0000
1 991 0.0000 0.4256 0.0000 0.0000 0.0000
1 992 0.0000 0.0000 0.0000 0.0000 0.0000
1 993 0.0000 0.4464 0.0000 0.0001 0.0000
1 994 0.0000 0.3969 0.0000 0.0000 0.0000
1 995 0.0000 0.4680 0.0000 0.0000 0.0000
1 996 0.0000 0.4508 0.0000 0.0029 0.0000
1 997 0.0010 0.4615 0.0001 0.0103 0.0001
1 998 0.0000 0.4070 0.0000 0.0000 0.0000
1 999 0.0000 0.4745 0.0000 0.0019 0.0000
2 1000 0.0000 0.0000 0.0000 0.0000 0.0000
2 1001 0.0000 0.0000 0.0000 0.0000 0.0000
2 1002 0.0000 0.4128 0.0000 0.0000 0.0000
2 1003 0.0000 0.4435 0.0000 0.0000 0.0000
2 1004 0.0000 0.0000 0.0000 0.0000 0.0000
2 1005 0.0000 0.4456 0.0000 0.0002 0.0000
2 1006 0.4260 0.4994 0.3208 0.4157 0.1970
2 1007 0.0000 0.3128 0.0000 0.0000 0.0000
2 1008 0.0000 0.4156 0.0000 0.0000 0.0000
2 1009 0.0000 0.0000 0.0000 0.0000 0.0000
2 1010 0.0000 0.4675 0.0000 0.0001 0.0000
2 1011 0.0000 0.4739 0.0000 0.0004 0.0000
2 1012 0.0000 0.0000 0.0000 0.0000 0.0000
2 1013 0.0000 0.0000 0.0000 0.0000 0.0000
2 1014 0.0000 0.0000 0.0000 0.0000 0.0000
2 1015 0.0000 0.0000 0.0000 0.0000 0.0000
2 1016 0.0000 0.0000 0.0000 0.0000 0.0000
2 1017 0.0000 0.0000 0.0000 0.0000 0.0000
2 1018 0.0000 0.0000 0.0000 0.0000 0.0000
2 1019 0.0000 0.0000 0.0000 0.0000 0.0000
2 1020 0.0000 0.0000 0.0000 0.0000 0.0000
2 1021 0.0000 0.4499 0.0000 0.0000 0.0000
2 1022 0.0000 0.3887 0.0000 0.0000 0.0000
2 1023 0.0000 0.0000 0.0000 0.0000 0.0000
2 1024 0.0000 0.0000 0.0000 0.0000 0.0000
2 1025 0.0000 0.0000 0.0000 0.0000 0.0000
2 1026 0.0000 0.0000 0.0000 0.0000 0.0000
2 1027 0.0000 0.0000 0.0000 0.0000 0.0000
2 1028 0.0000 0.4206 0.0000 0.0001 0.0000
2 1029 0.0000 0.0000 0.0000 0.0000 0.0000
2 1030 0.0000 0.0000 0.0000 0.0000 0.0000
2 1031 0.0000 0.4219 0.0000 0.0000 0.0000
2 1032 0.0000 0.0000 0.0000 0.0000 0.0000
2 1033 0.0000 0.3382 0.0000 0.0000 0.0000
2 1034 0.0000 0.0000 0.0000 0.0000 0.0000
2 1035 0.0000 0.0000 0.0000 0.0000 0.0000
2 1036 0.0000 0.0000 0.0000 0.0000 0.0000
2 1037 0.0000 0.0000 0.0000 0.0000 0.0000
2 1038 0.0000 0.0000 0.0000 0.0000 0.0000
2 1039 0.0000 0.0000 0.0000 0.0000 0.0000
2 1040 0.0000 0.0000 0.0000 0.0000 0.0000
2 1041 0.0000 0.0000 0.0000 0.0000 0.0000
2 1042 0.0000 0.4292 0.0000 0.0000 0.0000
2 1043 0.0000 0.0000 0.0000 0.0000 0.0000
2 1044 0.0000 0.0000 0.0000 0.0000 0.0000
2 1045 0.0000 0.0000 0.0000 0.0000 0.0000
2 1046 0.0000 0.0000 0.0000 0.0000 0.0000
2 1047 0.0000 0.0000 0.0000 0.0000 0.0000
2 1048 0.0000 0.4244 0.0000 0.0000 0.0000
2 1049 0.0000 0.0000 0.0000 0.0000 0.0000
2 1050 0.0000 0.0000 0.0000 0.0000 0.0000
2 1051 0.0000 0.0000 0.0000 0.0000 0.0000
2 1052 0.0000 0.0000 0.0000 0.0000 0.0000
2 1053 0.0000 0.0000 0.0000 0.0000 0.0000
2 1054 0.0000 0.0000 0.0000 0.0000 0.0000
2 1055 0.0000 0.3906 0.0000 0.0000 0.0000
2 1056 0.0000 0.4210 0.0000 0.0000 0.0000
2 1057 0.0000 0.0000 0.0000 0.0000 0.0000
2 1058 0.0000 0.0000 0.0000 0.0000 0.0000
2 1059 0.0060 0.4667 0.0055 0.0397 0.0054
2 1060 0.0000 0.4500 0.0000 0.0000 0.0000
2 1061 0.0000 0.0000 0.0000 0.0000 0.0000
2 1062 0.0000 0.4739 0.0000 0.0001 0.0000
2 1063 0.0000 0.4668 0.0000 0.0005 0.0000
2 1064 0.0000 0.4281 0.0000 0.0000 0.0000
2 1065 0.0000 0.4451 0.0000 0.0000 0.0000
2 1066 0.0000 0.4553 0.0000 0.0000 0.0000
2 1067 0.0000 0.4493 0.0000 0.0000 0.0000
2 1068 0.0000 0.4100 0.0000 0.0000 0.0000
2 1069 0.0000 0.3871 0.0000 0.0000 0.0000
2 1070 0.7180 0.5066 0.6492 0.6549 0.1361
2 1071 0.0000 0.4554 0.0000 0.0013 0.0000
2 1072 0.0000 0.2891 0.0000 0.0000 0.0000
2 1073 0.0000 0.4645 0.0000 0.0001 0.0000
2 1074 0.0000 0.4048 0.0000 0.0000 0.0000
2 1075 0.0010 0.4734 0.0004 0.0181 0.0013
2 1076 0.0000 0.3796 0.0000 0.0000 0.0000
2 1077 0.0000 0.4615 0.0001 0.0088 0.0004
2 1078 0.0120 0.4648 0.0062 0.0414 0.0048
2 1079 0.0000 0.4652 0.0000 0.0010 0.0000
2 1080 0.0000 0.4002 0.0000 0.0000 0.0000
2 1081 0.0000 0.4613 0.0000 0.0000 0.0000
2 1082 0.0000 0.0000 0.0000 0.0000 0.0000
2 1083 0.0000 0.4487 0.0000 0.0000 0.0000
2 1084 0.0000 0.4411 0.0000 0.0000 0.0000
2 1085 0.0000 0.0000 0.0000 0.0000 0.0000
2 1086 0.0000 0.4422 0.0000 0.0000 0.0000
2 1087 0.0000 0.4540 0.0000 0.0000 0.0000
2 1088 0.0000 0.4618 0.0000 0.0000 0.0000
2 1089 0.0000 0.4158 0.0000 0.0000 0.0000
2 1090 0.0000 0.3855 0.0000 0.0000 0.0000
2 1091 0.8350 0.5087 0.7721 0.7842 0.1484
2 1092 0.0000 0.3855 0.0000 0.0000 0.0000
2 1093 0.0000 0.4485 0.0000 0.0000 0.0000
2 1094 0.0800 0.4842 0.0524 0.1340 0.0359
2 1095 0.0000 0.4503 0.0001 0.0063 0.0003
2 1096 0.0000 0.4425 0.0000 0.0002 0.0000
2 1097 0.0000 0.0000 0.0000 0.0000 0.0000
2 1098 0.0000 0.4713 0.0000 0.0019 0.0000
2 1099 0.0000 0.3962 0.0000 0.0000 0.0000
2 1100 0.0000 0.4352 0.0000 0.0006 0.0000
2 1101 0.0210 0.4859 0.0084 0.0507 0.0167
2 1102 0.0070 0.4589 0.0061 0.0294 0.0043
2 1103 0.1280 0.4940 0.0892 0.2099 0.0981
2 1104 0.0030 0.4523 0.0016 0.0129 0.0022
2 1105 0.0180 0.4876 0.0074 0.0609 0.0148
2 1106 0.0060 0.4585 0.0057 0.0282 0.0032
2 1107 0.0120 0.4891 0.0032 0.0445 0.0109
2 1108 0.2250 0.4927 0.1974 0.2706 0.0885
2 1109 0.0000 0.0000 0.0000 0.0000 0.0000
2 1110 0.0000 0.4686 0.0000 0.0002 0.0000
2 1111 0.0000 0.4344 0.0000 0.0001 0.0000
2 1112 0.0000 0.4690 0.0000 0.0006 0.0000
2 1113 0.0010 0.4352 0.0000 0.0005 0.0000
2 1114 0.0000 0.3965 0.0000 0.0000 0.0000
2 1115 0.0000 0.4143 0.0000 0.0000 0.0000
2 1116 0.1520 0.4925 0.1031 0.2283 0.0840
2 1117 0.0000 0.4565 0.0000 0.0000 0.0000
2 1118 0.0000 0.4763 0.0007 0.0221 0.0013
2 1119 0.0020 0.4795 0.0002 0.0092 0.0005
2 1120 0.0000 0.3944 0.0000 0.0000 0.0000
2 1121 0.0040 0.4766 0.0014 0.0182 0.0030
2 1122 0.0040 0.4627 0.0019 0.0150 0.0021
2 1123 0.0000 0.4564 0.0000 0.0023 0.0000
2 1124 0.0000 0.0000 0.0000 0.0000 0.0000
2 1125 0.0000 0.3720 0.0000 0.0000 0.0000
2 1126 0.0000 0.4508 0.0000 0.0000 0.0000
2 1127 0.0000 0.4435 0.0000 0.0000 0.0000
2 1128 0.9460 0.5245 0.9213 0.8803 0.0352
2 1129 0.0060 0.4733 0.0046 0.0486 0.0055
2 1130 0.0000 0.4011 0.0000 0.0000 0.0000
2 1131 0.0000 0.4674 0.0000 0.0036 0.0000
2 1132 0.0000 0.4304 0.0000 0.0003 0.0000
2 1133 0.0040 0.4814 0.0011 0.0365 0.0021
2 1134 0.0000 0.4319 0.0000 0.0001 0.0000
2 1135 0.0000 0.4453 0.0000 0.0000 0.0000
2 1136 0.0940 0.4887 0.0671 0.1575 0.0531
2 1137 0.6340 0.5056 0.5861 0.5995 0.1059
2 1138 0.0010 0.4596 0.0000 0.0030 0.0004
2 1139 0.0070 0.4716 0.0022 0.0222 0.0031
2 1140 0.0030 0.4396 0.0008 0.0083 0.0006
2 1141 0.0000 0.4177 0.0000 0.0004 0.0001
2 1142 0.9900 0.5195 0.9652 0.9661 0.0345
2 1143 0.0000 0.3130 0.0000 0.0000 0.0000
2 1144 0.0000 0.4085 0.0000 0.0000 0.0000
2 1145 0.0000 0.4311 0.0000 0.0000 0.0000
2 1146 0.0020 0.4773 0.0010 0.0276 0.0022
2 1147 0.0000 0.3893 0.0000 0.0000 0.0000
2 1148 0.0000 0.4365 0.0000 0.0000 0.0000
2 1149 0.0000 0.4663 0.0000 0.0000 0.0000
2 1150 0.0320 0.4489 0.0234 0.0480 0.0062
2 1151 0.0850 0.4887 0.0502 0.1169 0.0475
2 1152 0.2270 0.4886 0.1876 0.2462 0.0660
2 1153 0.0000 0.3852 0.0000 0.0000 0.0000
2 1154 0.0000 0.4626 0.0000 0.0000 0.0000
2 1155 0.0000 0.4071 0.0000 0.0000 0.0000
2 1156 0.0000 0.3928 0.0000 0.0000 0.0000
2 1157 0.0000 0.4649 0.0001 0.0009 0.0003
2 1158 0.0000 0.4180 0.0000 0.0000 0.0000
2 1159 0.0000 0.3394 0.0000 0.0000 0.0000
2 1160 0.0000 0.4219 0.0000 0.0000 0.0000
2 1161 0.0000 0.4145 0.0000 0.0000 0.0000
2 1162 0.0000 0.3492 0.0000 0.0000 0.0000
2 1163 0.0000 0.3819 0.0000 0.0000 0.0000
2 1164 0.0050 0.4546 0.0011 0.0038 0.0015
2 1165 0.0160 0.4679 0.0064 0.0152 0.0056
2 1166 0.0000 0.4289 0.0000 0.0000 0.0000
2 1167 0.0350 0.4785 0.0179 0.0362 0.0165
2 1168 0.0000 0.3731 0.0000 0.0000 0.0000
2 1169 0.0070 0.4662 0.0029 0.0087 0.0032
2 1170 0.0000 0.3975 0.0000 0.0000 0.0000
2 1171 0.0000 0.4282 0.0000 0.0000 0.0000
2 1172 0.9630 0.5269 0.9469 0.9669 0.0280
2 1173 0.0000 0.2313 0.0000 0.0000 0.0000
2 1174 0.0000 0.4162 0.0000 0.0000 0.0000
2 1175 0.0000 0.3755 0.0000 0.0000 0.0000
2 1176 0.0050 0.4585 0.0014 0.0048 0.0018
2 1177 0.5890 0.5047 0.5604 0.5977 0.1121
2 1178 0.0000 0.3242 0.0000 0.0000 0.0000
2 1179 0.0000 0.4353 0.0000 0.0000 0.0000
2 1180 0.0000 0.3755 0.0000 0.0000 0.0000
2 1181 0.0790 0.4819 0.0428 0.0685 0.0301
2 1182 0.0000 0.4545 0.0000 0.0003 0.0001
2 1183 0.1440 0.4895 0.1109 0.1509 0.0617
2 1184 0.1010 0.4850 0.0805 0.1120 0.0436
2 1185 0.1840 0.4887 0.1547 0.1896 0.0632
2 1186 0.8730 0.5186 0.8492 0.8784 0.0590
2 1187 0.1010 0.4859 0.0717 0.1044 0.0501
2 1188 0.0210 0.4710 0.0089 0.0197 0.0083
2 1189 0.5660 0.5027 0.5017 0.5418 0.1262
2 1190 0.2070 0.4908 0.1557 0.1960 0.0689
2 1191 0.0050 0.4691 0.0024 0.0083 0.0053
2 1192 0.0380 0.4804 0.0171 0.0363 0.0165
2 1193 0.0370 0.4813 0.0229 0.0446 0.0216
2 764 0.0000 0.0000 0.0000 0.0000 0.0000
2 765 0.0000 0.0000 0.0000 0.0000 0.0000
2 766 0.0000 0.0000 0.0000 0.0000 0.0000
2 767 0.0000 0.0000 0.0000 0.0000 0.0000
2 768 0.0000 0.0000 0.0000 0.0000 0.0000
2 769 0.0000 0.0000 0.0000 0.0000 0.0000
2 770 0.0000 0.0000 0.0000 0.0000 0.0000
2 771 0.0000 0.0000 0.0000 0.0000 0.0000
2 772 0.0000 0.0000 0.0000 0.0000 0.0000
2 773 0.0000 0.0000 0.0000 0.0000 0.0000
2 774 0.0000 0.0000 0.0000 0.0000 0.0000
2 775 0.0000 0.0000 0.0000 0.0000 0.0000
2 776 0.0000 0.0000 0.0000 0.0000 0.0000
2 777 0.0000 0.0000 0.0000 0.0000 0.0000
2 778 0.0000 0.0000 0.0000 0.0000 0.0000
2 779 0.0000 0.0000 0.0000 0.0000 0.0000
2 780 0.0000 0.0000 0.0000 0.0000 0.0000
2 781 0.0000 0.0000 0.0000 0.0000 0.0000
2 782 0.0000 0.0000 0.0000 0.0000 0.0000
2 783 0.0000 0.0000 0.0000 0.0000 0.0000
2 784 0.0000 0.0000 0.0000 0.0000 0.0000
2 785 0.0000 0.0000 0.0000 0.0000 0.0000
2 786 0.0000 0.0000 0.0000 0.0000 0.0000
2 787 0.0000 0.0000 0.0000 0.0000 0.0000
2 788 0.0000 0.0000 0.0000 0.0000 0.0000
2 789 0.0000 0.0000 0.0000 0.0000 0.0000
2 790 0.0000 0.0000 0.0000 0.0000 0.0000
2 791 0.0000 0.0000 0.0000 0.0000 0.0000
2 792 0.0000 0.0000 0.0000 0.0000 0.0000
2 793 0.0000 0.0000 0.0000 0.0000 0.0000
2 794 0.0000 0.0000 0.0000 0.0000 0.0000
2 795 0.0000 0.0000 0.0000 0.0000 0.0000
2 796 0.0000 0.0000 0.0000 0.0000 0.0000
2 797 0.0000 0.0000 0.0000 0.0000 0.0000
2 798 0.0000 0.0000 0.0000 0.0000 0.0000
2 799 0.0000 0.0000 0.0000 0.0000 0.0000
2 800 0.0000 0.0000 0.0000 0.0000 0.0000
2 801 0.0000 0.0000 0.0000 0.0000 0.0000
2 802 0.0000 0.0000 0.0000 0.0000 0.0000
2 803 0.0000 0.0000 0.0000 0.0000 0.0000
2 804 0.0000 0.0000 0.0000 0.0000 0.0000
2 805 0.0000 0.0000 0.0000 0.0000 0.0000
2 806 0.0000 0.0000 0.0000 0.0000 0.0000
2 807 0.0000 0.0000 0.0000 0.0000 0.0000
2 808 0.0000 0.0000 0.0000 0.0000 0.0000
2 809 0.0000 0.0000 0.0000 0.0000 0.0000
2 810 0.0000 0.0000 0.0000 0.0000 0.0000
2 811 0.0000 0.0000 0.0000 0.0000 0.0000
2 812 0.0000 0.0000 0.0000 0.0000 0.0000
2 813 0.0000 0.0000 0.0000 0.0000 0.0000
2 814 0.0000 0.0000 0.0000 0.0000 0.0000
2 815 0.0000 0.0000 0.0000 0.0000 0.0000
2 816 0.0000 0.0000 0.0000 0.0000 0.0000
2 817 0.0000 0.0000 0.0000 0.0000 0.0000
2 818 0.0000 0.0000 0.0000 0.0000 0.0000
2 819 0.0000 0.0000 0.0000 0.0000 0.0000
2 820 0.0000 0.0000 0.0000 0.0000 0.0000
2 821 0.0000 0.0000 0.0000 0.0000 0.0000
2 822 0.0000 0.0000 0.0000 0.0000 0.0000
2 823 0.0000 0.0000 0.0000 0.0000 0.0000
2 824 0.0000 0.0000 0.0000 0.0000 0.0000
2 825 0.0000 0.0000 0.0000 0.0000 0.0000
2 826 0.0000 0.0000 0.0000 0.0000 0.0000
2 827 0.0000 0.0000 0.0000 0.0000 0.0000
2 828 0.0000 0.0000 0.0000 0.0000 0.0000
2 829 0.0000 0.0000 0.0000 0.0000 0.0000
2 830 0.0000 0.0000 0.0000 0.0000 0.0000
2 831 0.0000 0.0000 0.0000 0.0000 0.0000
2 832 0.0000 0.0000 0.0000 0.0000 0.0000
2 833 0.0000 0.0000 0.0000 0.0000 0.0000
2 834 0.0000 0.0000 0.0000 0.0000 0.0000
2 835 0.0000 0.0000 0.0000 0.0000 0.0000
2 836 0.0000 0.0000 0.0000 0.0000 0.0000
2 837 0.0000 0.0000 0.0000 0.0000 0.0000
2 838 0.0000 0.0000 0.0000 0.0000 0.0000
2 839 0.0000 0.0000 0.0000 0.0000 0.0000
2 840 0.0000 0.0000 0.0000 0.0000 0.0000
2 841 0.0000 0.0000 0.0000 0.0000 0.0000
2 842 0.0000 0.0000 0.0000 0.0000 0.0000
2 843 0.0000 0.0000 0.0000 0.0000 0.0000
2 844 0.0000 0.0000 0.0000 0.0000 0.0000
2 845 0.0000 0.0000 0.0000 0.0000 0.0000
2 846 0.0000 0.0000 0.0000 0.0000 0.0000
2 847 0.0000 0.0000 0.0000 0.0000 0.0000
2 848 0.0000 0.0000 0.0000 0.0000 0.0000
2 849 0.0000 0.0000 0.0000 0.0000 0.0000
2 850 0.0000 0.0000 0.0000 0.0000 0.0000
2 851 0.0000 0.0000 0.0000 0.0000 0.0000
2 852 0.0000 0.0000 0.0000 0.0000 0.0000
2 853 0.0000 0.0000 0.0000 0.0000 0.0000
2 854 0.0000 0.0000 0.0000 0.0000 0.0000
2 855 0.0000 0.0000 0.0000 0.0000 0.0000
2 856 0.0000 0.0000 0.0000 0.0000 0.0000
2 857 0.0000 0.0000 0.0000 0.0000 0.0000
2 858 0.0000 0.0000 0.0000 0.0000 0.0000
2 859 0.0000 0.0000 0.0000 0.0000 0.0000
2 860 0.0000 0.0000 0.0000 0.0000 0.0000
2 861 0.0000 0.0000 0.0000 0.0000 0.0000
2 862 0.0000 0.0000 0.0000 0.0000 0.0000
2 863 0.0000 0.0000 0.0000 0.0000 0.0000
2 864 0.0000 0.0000 0.0000 0.0000 0.0000
2 865 0.0000 0.0000 0.0000 0.0000 0.0000
2 866 0.0000 0.0000 0.0000 0.0000 0.0000
2 867 0.0000 0.0000 0.0000 0.0000 0.0000
2 868 0.0000 0.0000 0.0000 0.0000 0.0000
2 869 0.0000 0.0000 0.0000 0.0000 0.0000
2 870 0.0000 0.0000 0.0000 0.0000 0.0000
2 871 0.0000 0.0000 0.0000 0.0000 0.0000
2 872 0.0000 0.0000 0.0000 0.0000 0.0000
2 873 0.0000 0.0000 0.0000 0.0000 0.0000
2 874 0.0000 0.0000 0.0000 0.0000 0.0000
2 875 0.0000 0.0000 0.0000 0.0000 0.0000
2 876 0.0000 0.0000 0.0000 0.0000 0.0000
2 877 0.0000 0.0000 0.0000 0.0000 0.0000
2 878 0.0000 0.0000 0.0000 0.0000 0.0000
2 879 0.0000 0.0000 0.0000 0.0000 0.0000
2 880 0.0000 0.0000 0.0000 0.0000 0.0000
2 881 0.0000 0.0000 0.0000 0.0000 0.0000
2 882 0.0000 0.0000 0.0000 0.0000 0.0000
2 883 0.0000 0.0000 0.0000 0.0000 0.0000
2 884 0.0000 0.0000 0.0000 0.0000 0.0000
2 885 0.0000 0.0000 0.0000 0.0000 0.0000
2 886 0.0000 0.0000 0.0000 0.0000 0.0000
2 887 0.0000 0.0000 0.0000 0.0000 0.0000
2 888 0.0000 0.0000 0.0000 0.0000 0.0000
2 889 0.0000 0.0000 0.0000 0.0000 0.0000
2 890 0.0000 0.0000 0.0000 0.0000 0.0000
2 891 0.0000 0.0000 0.0000 0.0000 0.0000
2 892 0.0000 0.0000 0.0000 0.0000 0.0000
2 893 0.0000 0.0000 0.0000 0.0000 0.0000
2 894 0.0000 0.0000 0.0000 0.0000 0.0000
2 895 0.0000 0.0000 0.0000 0.0000 0.0000
2 896 0.0000 0.0000 0.0000 0.0000 0.0000
2 897 0.0000 0.0000 0.0000 0.0000 0.0000
2 898 0.0000 0.0000 0.0000 0.0000 0.0000
2 899 0.0000 0.0000 0.0000 0.0000 0.0000
2 900 0.0000 0.0000 0.0000 0.0000 0.0000
2 901 0.0000 0.0000 0.0000 0.0000 0.0000
2 902 0.0000 0.0000 0.0000 0.0000 0.0000
2 903 0.0000 0.0000 0.0000 0.0000 0.0000
2 904 0.0000 0.0184 0.0000 0.0000 0.0000
2 905 0.0000 0.0000 0.0000 0.0000 0.0000
2 906 0.0000 0.0000 0.0000 0.0000 0.0000
2 907 0.0000 0.3605 0.0000 0.0000 0.0000
2 908 0.0000 0.1270 0.0000 0.0000 0.0000
2 909 0.0000 0.0000 0.0000 0.0000 0.0000
2 910 0.0000 0.0000 0.0000 0.0000 0.0000
2 911 0.0000 0.0000 0.0000 0.0000 0.0000
2 912 0.0000 0.0000 0.0000 0.0000 0.0000
2 913 0.0000 0.0000 0.0000 0.0000 0.0000
2 914 0.0000 0.0000 0.0000 0.0000 0.0000
2 915 0.7560 0.5126 0.7367 0.7681 0.0832
2 916 0.0000 0.0000 0.0000 0.0000 0.0000
2 917 0.0000 0.0000 0.0000 0.0000 0.0000
2 918 0.0000 0.0000 0.0000 0.0000 0.0000
2 919 0.0000 0.0000 0.0000 0.0000 0.0000
2 920 0.0000 0.0000 0.0000 0.0000 0.0000
2 921 0.0000 0.2822 0.0000 0.0000 0.0000
2 922 0.0000 0.0000 0.0000 0.0000 0.0000
2 923 0.0000 0.0000 0.0000 0.0000 0.0000
2 924 0.0000 0.0000 0.0000 0.0000 0.0000
2 925 0.0000 0.0000 0.0000 0.0000 0.0000
2 926 0.0000 0.0000 0.0000 0.0000 0.0000
2 927 0.0000 0.0000 0.0000 0.0000 0.0000
2 928 0.0000 0.0000 0.0000 0.0000 0.0000
2 929 0.0000 0.0000 0.0000 0.0000 0.0000
2 930 0.0000 0.4225 0.0000 0.0000 0.0000
2 931 0.0000 0.0000 0.0000 0.0000 0.0000
2 932 0.0000 0.3725 0.0000 0.0000 0.0000
2 933 0.0000 0.0000 0.0000 0.0000 0.0000
2 934 0.0000 0.0000 0.0000 0.0000 0.0000
2 935 0.0000 0.4438 0.0000 0.0000 0.0000
2 936 0.0000 0.0000 0.0000 0.0000 0.0000
2 937 0.0000 0.0000 0.0000 0.0000 0.0000
2 938 0.0000 0.0000 0.0000 0.0000 0.0000
2 939 0.0000 0.0000 0.0000 0.0000 0.0000
2 940 0.0000 0.0000 0.0000 0.0000 0.0000
2 941 0.0000 0.0000 0.0000 0.0000 0.0000
2 942 0.8130 0.5129 0.7643 0.7986 0.0875
2 943 0.0000 0.0000 0.0000 0.0000 0.0000
2 944 0.0000 0.0000 0.0000 0.0000 0.0000
2 945 0.0000 0.0000 0.0000 0.0000 0.0000
2 946 0.0000 0.0000 0.0000 0.0000 0.0000
2 947 0.0000 0.0000 0.0000 0.0000 0.0000
2 948 0.0000 0.0000 0.0000 0.0000 0.0000
2 949 0.0000 0.0000 0.0000 0.0000 0.0000
2 950 0.0000 0.0000 0.0000 0.0000 0.0000
2 951 0.0000 0.0000 0.0000 0.0000 0.0000
2 952 0.0000 0.4544 0.0000 0.0000 0.0000
2 953 0.0000 0.0000 0.0000 0.0000 0.0000
2 954 0.0000 0.0000 0.0000 0.0000 0.0000
2 955 0.0000 0.3932 0.0000 0.0000 0.0000
2 956 0.0000 0.3869 0.0000 0.0000 0.0000
2 957 0.0000 0.4277 0.0000 0.0000 0.0000
2 958 0.0000 0.4418 0.0000 0.0005 0.0000
2 959 0.0000 0.0000 0.0000 0.0000 0.0000
2 960 0.0000 0.0000 0.0000 0.0000 0.0000
2 961 0.0000 0.3705 0.0000 0.0000 0.0000
2 962 0.0000 0.0000 0.0000 0.0000 0.0000
2 963 0.0000 0.0000 0.0000 0.0000 0.0000
2 964 0.0000 0.4638 0.0000 0.0017 0.0000
2 965 0.0000 0.3359 0.0000 0.0000 0.0000
2 966 0.0010 0.4699 0.0005 0.0157 0.0018
2 967 0.0000 0.3475 0.0000 0.0000 0.0000
2 968 0.0000 0.0000 0.0000 0.0000 0.0000
2 969 0.0000 0.0000 0.0000 0.0000 0.0000
2 970 0.0000 0.4155 0.0000 0.0000 0.0000
2 971 0.0000 0.0000 0.0000 0.0000 0.0000
2 972 0.0000 0.4604 0.0000 0.0000 0.0000
2 973 0.0000 0.0000 0.0000 0.0000 0.0000
2 974 0.0000 0.0000 0.0000 0.0000 0.0000
2 975 0.0000 0.0000 0.0000 0.0000 0.0000
2 976 0.0000 0.0000 0.0000 0.0000 0.0000
2 977 0.0000 0.3796 0.0000 0.0000 0.0000
2 978 0.0000 0.0000 0.0000 0.0000 0.0000
2 979 0.1280 0.4856 0.0857 0.1571 0.0489
2 980 0.0000 0.4715 0.0002 0.0113 0.0004
2 981 0.0000 0.0000 0.0000 0.0000 0.0000
2 982 0.0000 0.0000 0.0000 0.0000 0.0000
2 983 0.0000 0.4245 0.0000 0.0000 0.0000
2 984 0.0000 0.0000 0.0000 0.0000 0.0000
2 985 0.0000 0.0000 0.0000 0.0000 0.0000
2 986 0.0000 0.3873 0.0000 0.0000 0.0000
2 987 0.0000 0.0000 0.0000 0.0000 0.0000
2 988 0.0000 0.0000 0.0000 0.0000 0.0000
2 989 0.0000 0.0000 0.0000 0.0000 0.0000
2 990 0.0000 0.0000 0.0000 0.0000 0.0000
2 991 0.0000 0.4679 0.0000 0.0027 0.0000
2 992 0.0000 0.0000 0.0000 0.0000 0.0000
2 993 0.0000 0.3843 0.0000 0.0000 0.0000
2 994 0.0000 0.0000 0.0000 0.0000 0.0000
2 995 0.0000 0.0000 0.0000 0.0000 0.0000
2 996 0.0000 0.4445 0.0000 0.0000 0.0000
2 997 0.0000 0.4368 0.0000 0.0000 0.0000
2 998 0.0000 0.3695 0.0000 0.0000 0.0000
2 999 0.0000 0.3575 0.0000 0.0000 0.0000