Individual Pos MC-PVal PA-Pval NA-PVal BA-PVal MCBN-PVal
0 974 0.0000 0.4610 0.0000 0.0000 0.0000
1 974 0.0000 0.4693 0.0000 0.0006 0.0000
2 974 0.0000 0.0000 0.0000 0.0000 0.0000
0 975 0.0000 0.3833 0.0000 0.0000 0.0000
1 975 0.0000 0.3282 0.0000 0.0000 0.0000
2 975 0.0000 0.0000 0.0000 0.0000 0.0000
0 976 0.0000 0.4551 0.0000 0.0000 0.0000
1 976 0.0000 0.4741 0.0000 0.0001 0.0000
2 976 0.0000 0.0000 0.0000 0.0000 0.0000
0 977 0.0000 0.4396 0.0000 0.0000 0.0000
1 977 0.0000 0.3814 0.0000 0.0000 0.0000
2 977 0.0000 0.3796 0.0000 0.0000 0.0000
0 978 0.0000 0.4434 0.0000 0.0000 0.0000
1 978 0.0000 0.4017 0.0000 0.0000 0.0000
2 978 0.0000 0.0000 0.0000 0.0000 0.0000
