Individual Pos MC-PVal PA-Pval NA-PVal BA-PVal MCBN-PVal
0 1069 0.0000 0.0000 0.0000 0.0000 0.0000
1 1069 0.0000 0.0000 0.0000 0.0000 0.0000
2 1069 0.0000 0.3871 0.0000 0.0000 0.0000
0 1070 0.0000 0.0000 0.0000 0.0000 0.0000
1 1070 0.0000 0.0000 0.0000 0.0000 0.0000
2 1070 0.7180 0.5066 0.6492 0.6549 0.1361
0 1071 0.0000 0.0000 0.0000 0.0000 0.0000
1 1071 0.0000 0.0000 0.0000 0.0000 0.0000
2 1071 0.0000 0.4554 0.0000 0.0013 0.0000
0 1072 0.0000 0.0000 0.0000 0.0000 0.0000
1 1072 0.0000 0.0000 0.0000 0.0000 0.0000
2 1072 0.0000 0.2891 0.0000 0.0000 0.0000
0 1073 0.0000 0.0000 0.0000 0.0000 0.0000
1 1073 0.0000 0.0000 0.0000 0.0000 0.0000
2 1073 0.0000 0.4645 0.0000 0.0001 0.0000
