Individual Pos MC-PVal PA-Pval NA-PVal BA-PVal MCBN-PVal
0 1129 0.0000 0.0000 0.0000 0.0000 0.0000
1 1129 0.0000 0.0000 0.0000 0.0000 0.0000
2 1129 0.0060 0.4733 0.0046 0.0486 0.0055
0 1130 0.0000 0.0000 0.0000 0.0000 0.0000
1 1130 0.0000 0.0000 0.0000 0.0000 0.0000
2 1130 0.0000 0.4011 0.0000 0.0000 0.0000
0 1131 0.0000 0.0000 0.0000 0.0000 0.0000
1 1131 0.0000 0.0000 0.0000 0.0000 0.0000
2 1131 0.0000 0.4674 0.0000 0.0036 0.0000
0 1132 0.0000 0.0000 0.0000 0.0000 0.0000
1 1132 0.0000 0.0000 0.0000 0.0000 0.0000
2 1132 0.0000 0.4304 0.0000 0.0003 0.0000
0 1133 0.0000 0.0000 0.0000 0.0000 0.0000
1 1133 0.0000 0.0000 0.0000 0.0000 0.0000
2 1133 0.0040 0.4814 0.0011 0.0365 0.0021
