Individual Pos MC-PVal PA-Pval NA-PVal BA-PVal MCBN-PVal
0 809 0.4410 0.4996 0.3489 0.4271 0.1823
1 809 0.0000 0.4671 0.0000 0.0000 0.0000
2 809 0.0000 0.0000 0.0000 0.0000 0.0000
0 810 0.0070 0.4460 0.0020 0.0088 0.0020
1 810 0.8290 0.5203 0.8058 0.8041 0.0493
2 810 0.0000 0.0000 0.0000 0.0000 0.0000
0 811 0.9900 0.5383 0.9824 0.9797 0.0109
1 811 0.9070 0.5247 0.8984 0.8885 0.0387
2 811 0.0000 0.0000 0.0000 0.0000 0.0000
0 812 0.0160 0.4817 0.0044 0.0321 0.0086
1 812 0.0020 0.4665 0.0000 0.0012 0.0003
2 812 0.0000 0.0000 0.0000 0.0000 0.0000
0 813 0.3300 0.4876 0.3041 0.3405 0.0492
1 813 0.9980 0.5786 0.9955 0.9938 0.0006
2 813 0.0000 0.0000 0.0000 0.0000 0.0000
