Individual Pos MC-PVal PA-Pval NA-PVal BA-PVal MCBN-PVal
0 859 0.0030 0.4452 0.0014 0.0126 0.0014
1 859 0.2460 0.4868 0.2155 0.2761 0.0524
2 859 0.0000 0.0000 0.0000 0.0000 0.0000
0 860 0.0070 0.4818 0.0034 0.0442 0.0072
1 860 0.0020 0.4813 0.0006 0.0180 0.0020
2 860 0.0000 0.0000 0.0000 0.0000 0.0000
0 861 0.0020 0.4400 0.0004 0.0053 0.0005
1 861 0.3040 0.4916 0.2847 0.3381 0.0637
2 861 0.0000 0.0000 0.0000 0.0000 0.0000
0 862 0.0000 0.4639 0.0000 0.0010 0.0000
1 862 0.0000 0.4645 0.0000 0.0015 0.0000
2 862 0.0000 0.0000 0.0000 0.0000 0.0000
0 863 0.8810 0.5194 0.8258 0.8097 0.0622
1 863 0.9150 0.5253 0.9013 0.8780 0.0355
2 863 0.0000 0.0000 0.0000 0.0000 0.0000
