Individual Pos MC-PVal PA-Pval NA-PVal BA-PVal MCBN-PVal
0 934 0.0000 0.4433 0.0000 0.0001 0.0000
1 934 0.0000 0.4380 0.0000 0.0000 0.0000
2 934 0.0000 0.0000 0.0000 0.0000 0.0000
0 935 0.0390 0.4722 0.0257 0.0959 0.0184
1 935 0.0000 0.3558 0.0000 0.0000 0.0000
2 935 0.0000 0.4438 0.0000 0.0000 0.0000
0 936 0.0000 0.4430 0.0000 0.0000 0.0000
1 936 0.0000 0.4712 0.0000 0.0003 0.0000
2 936 0.0000 0.0000 0.0000 0.0000 0.0000
0 937 0.0000 0.4489 0.0000 0.0000 0.0000
1 937 0.0220 0.4840 0.0148 0.0714 0.0177
2 937 0.0000 0.0000 0.0000 0.0000 0.0000
0 938 0.0000 0.4461 0.0000 0.0000 0.0000
1 938 0.0210 0.4824 0.0119 0.0604 0.0113
2 938 0.0000 0.0000 0.0000 0.0000 0.0000
