Individual Pos MC-PVal PA-Pval NA-PVal BA-PVal MCBN-PVal
0 824 0.9810 0.5280 0.9712 0.9559 0.0212
1 824 0.0090 0.4675 0.0064 0.0360 0.0045
2 824 0.0000 0.0000 0.0000 0.0000 0.0000
0 825 0.0010 0.4630 0.0005 0.0101 0.0007
1 825 0.0000 0.4511 0.0000 0.0004 0.0000
2 825 0.0000 0.0000 0.0000 0.0000 0.0000
0 826 0.6460 0.5064 0.6013 0.6176 0.1159
1 826 0.9990 0.5503 0.9977 0.9944 0.0008
2 826 0.0000 0.0000 0.0000 0.0000 0.0000
0 827 0.0450 0.4800 0.0265 0.0888 0.0235
1 827 0.0010 0.4768 0.0007 0.0127 0.0014
2 827 0.0000 0.0000 0.0000 0.0000 0.0000
0 828 0.0000 0.4576 0.0000 0.0023 0.0003
1 828 0.0000 0.4311 0.0000 0.0000 0.0000
2 828 0.0000 0.0000 0.0000 0.0000 0.0000
