Individual Pos MC-PVal PA-Pval NA-PVal BA-PVal MCBN-PVal
0 1079 0.0000 0.0000 0.0000 0.0000 0.0000
1 1079 0.0000 0.0000 0.0000 0.0000 0.0000
2 1079 0.0000 0.4652 0.0000 0.0010 0.0000
0 1080 0.0000 0.0000 0.0000 0.0000 0.0000
1 1080 0.0000 0.0000 0.0000 0.0000 0.0000
2 1080 0.0000 0.4002 0.0000 0.0000 0.0000
0 1081 0.0000 0.0000 0.0000 0.0000 0.0000
1 1081 0.0000 0.0000 0.0000 0.0000 0.0000
2 1081 0.0000 0.4613 0.0000 0.0000 0.0000
0 1082 0.0000 0.0000 0.0000 0.0000 0.0000
1 1082 0.0000 0.0000 0.0000 0.0000 0.0000
2 1082 0.0000 0.0000 0.0000 0.0000 0.0000
0 1083 0.0000 0.0000 0.0000 0.0000 0.0000
1 1083 0.0000 0.0000 0.0000 0.0000 0.0000
2 1083 0.0000 0.4487 0.0000 0.0000 0.0000
