Individual Pos MC-PVal PA-Pval NA-PVal BA-PVal MCBN-PVal
0 954 0.0000 0.4249 0.0000 0.0000 0.0000
1 954 0.0000 0.4142 0.0000 0.0000 0.0000
2 954 0.0000 0.0000 0.0000 0.0000 0.0000
0 955 0.0000 0.4569 0.0000 0.0018 0.0000
1 955 0.0000 0.3975 0.0000 0.0000 0.0000
2 955 0.0000 0.3932 0.0000 0.0000 0.0000
0 956 0.0000 0.3222 0.0000 0.0000 0.0000
1 956 0.0000 0.3152 0.0000 0.0000 0.0000
2 956 0.0000 0.3869 0.0000 0.0000 0.0000
0 957 0.0000 0.4730 0.0000 0.0050 0.0000
1 957 0.0010 0.4802 0.0011 0.0251 0.0023
2 957 0.0000 0.4277 0.0000 0.0000 0.0000
0 958 0.0030 0.4715 0.0004 0.0150 0.0006
1 958 0.0000 0.4589 0.0000 0.0053 0.0001
2 958 0.0000 0.4418 0.0000 0.0005 0.0000
