Individual Pos MC-PVal PA-Pval NA-PVal BA-PVal MCBN-PVal
0 944 0.0000 0.3990 0.0000 0.0000 0.0000
1 944 0.0000 0.4182 0.0000 0.0000 0.0000
2 944 0.0000 0.0000 0.0000 0.0000 0.0000
0 945 0.0000 0.4229 0.0000 0.0000 0.0000
1 945 0.0000 0.4439 0.0000 0.0000 0.0000
2 945 0.0000 0.0000 0.0000 0.0000 0.0000
0 946 0.0000 0.4523 0.0000 0.0000 0.0000
1 946 0.0000 0.4695 0.0000 0.0014 0.0000
2 946 0.0000 0.0000 0.0000 0.0000 0.0000
0 947 0.0020 0.4761 0.0003 0.0138 0.0010
1 947 0.0000 0.4525 0.0000 0.0003 0.0000
2 947 0.0000 0.0000 0.0000 0.0000 0.0000
0 948 0.0000 0.3307 0.0000 0.0000 0.0000
1 948 0.0000 0.3318 0.0000 0.0000 0.0000
2 948 0.0000 0.0000 0.0000 0.0000 0.0000
